# Timestamp KF, Num CovKFs, Num KFs, Num RecentMPs, Num MPs, processKF, MPCulling, CreateMP, SearchNeigh, BA, KFCulling, [numFixKF_LBA]
0,0,1,376,376,29.966087,0.037491,0.027506,2.281020,0.040703,0.003459,0
103735900,1,2,545,521,1.362136,0.040971,17.827481,4.591065,0.040107,0.001004,0
207338100,2,3,546,659,24.187929,0.390850,48.024637,0.000189,0.000000,0.000000,0
311075200,3,4,566,807,20.636579,0.267834,50.940038,0.000126,0.000000,0.000000,0
414691700,4,5,588,928,18.520120,0.247204,51.783573,0.000127,0.000000,0.000000,0
518430200,5,6,567,931,17.595228,0.268375,33.349757,0.000121,0.000000,0.000000,0
622044800,6,7,590,1020,21.460715,0.462951,59.498945,0.000155,0.000000,0.000000,0
725797700,7,8,598,1037,25.944570,0.382702,36.846600,0.000151,0.000000,0.000000,0
829419900,8,9,608,1141,21.680995,0.403706,62.939114,0.000119,0.000000,0.000000,0
933146700,9,10,642,1221,19.859434,0.282573,45.039915,0.000130,0.000000,0.000000,0
1036910000,7,11,739,1324,18.482605,0.331416,86.455944,0.000131,0.000000,0.000000,0
1140497000,8,12,816,1446,23.399650,1.171662,69.208977,0.000116,0.000000,0.000000,0
1244242000,6,13,768,1495,19.415591,0.644054,59.473873,0.000117,0.000000,0.000000,0
1347979000,6,14,698,1507,21.766893,0.536408,49.081655,0.000144,0.000000,0.000000,0
1451596000,7,15,677,1643,18.926684,0.426620,68.507704,0.000136,0.000000,0.000000,0
1555212000,8,16,790,1803,17.598226,0.360625,64.752373,0.000121,0.000000,0.000000,0
1658960000,9,17,837,1865,17.781229,0.388748,64.142261,0.000123,0.000000,0.000000,0
1762569000,10,18,813,1913,17.594969,0.367097,64.876487,0.000128,0.000000,0.000000,0
1866302000,9,19,769,1977,21.093340,0.646179,74.515529,0.000112,0.000000,0.000000,0
1969923000,10,20,768,2060,19.257319,0.583989,71.098970,0.000107,0.000000,0.000000,0
2073666000,10,21,793,2137,17.080709,0.512558,67.914474,0.000139,0.000000,0.000000,0
2177281000,10,22,827,2226,17.309887,0.423954,70.440896,0.000104,0.000000,0.000000,0
2281017000,12,23,813,2277,18.090609,0.475434,65.798063,0.000127,0.000000,0.000000,0
2384639000,12,24,782,2297,16.538675,0.484258,68.075035,0.000126,0.000000,0.000000,0
2488250000,13,25,810,2392,16.511433,0.433926,68.320766,0.000141,0.000000,0.000000,0
2591988000,12,26,849,2435,16.165949,0.383193,60.441807,0.000140,0.000000,0.000000,0
2695832000,15,27,807,2419,16.911210,0.446768,59.497936,0.000131,0.000000,0.000000,0
2799367000,16,28,706,2440,17.280476,0.402293,54.853707,0.000133,0.000000,0.000000,0
2903084000,16,29,697,2498,16.522471,0.355448,59.200749,0.000143,0.000000,0.000000,0
3006768000,17,30,713,2581,17.631789,0.369493,55.883981,0.000130,0.000000,0.000000,0
3110441000,16,31,712,2627,17.439428,0.408397,63.789035,0.000119,0.000000,0.000000,0
3214057000,19,32,730,2723,34.584720,0.368688,70.980157,0.000125,0.000000,0.000000,0
3317669000,12,33,689,2696,26.259085,0.346253,42.067045,0.000164,0.000000,0.000000,0
3421285000,13,34,654,2810,25.083279,0.394136,71.174878,0.000123,0.000000,0.000000,0
3524925000,14,35,772,2967,21.324250,0.324704,67.004022,0.000147,0.000000,0.000000,0
3628545000,13,36,814,3061,23.180760,0.430376,68.967298,0.000128,0.000000,0.000000,0
3732256000,13,37,830,3065,20.619490,0.469466,52.994022,0.000124,0.000000,0.000000,0
3835871000,14,38,723,3072,20.465107,0.442415,51.835219,0.000153,0.000000,0.000000,0
3939488000,14,39,634,3105,22.381471,0.433787,58.276566,0.000137,0.000000,0.000000,0
4043107000,14,40,672,3203,20.907227,0.364582,56.700967,0.000145,0.000000,0.000000,0
4146888000,16,41,695,3281,20.814652,0.368771,58.615646,0.000134,0.000000,0.000000,0
4250460000,18,42,699,3295,19.530070,0.385945,52.852831,0.000118,0.000000,0.000000,0
4354202000,19,43,651,3301,18.849822,0.380744,50.679184,0.000111,0.000000,0.000000,0
4457940000,17,44,616,3311,20.326644,0.384920,54.871387,0.000109,0.000000,0.000000,0
4561559000,18,45,614,3333,21.404073,0.368662,54.512164,0.000146,0.000000,0.000000,0
4665293000,19,46,609,3369,20.191702,0.449666,59.400861,0.000119,0.000000,0.000000,0
4768912000,19,47,526,3336,21.662511,0.443903,41.759495,0.000142,0.000000,0.000000,0
4872532000,16,48,555,3505,20.427963,0.401032,78.035390,0.000116,0.000000,0.000000,0
4976146000,16,49,698,3688,19.248416,0.370891,60.951901,0.000124,0.000000,0.000000,0
5079909000,20,50,753,3844,20.453563,0.535514,81.197592,0.000112,0.000000,0.000000,0
5183503000,17,51,827,3920,19.714609,0.591649,73.652399,0.000116,0.000000,0.000000,0
5287117000,18,52,889,4064,19.745631,0.577658,81.927892,0.000124,0.000000,0.000000,0
5390861000,17,53,908,4138,20.604505,0.617127,66.908757,0.000129,0.000000,0.000000,0
5494473000,16,54,903,4159,18.500582,0.499060,57.350961,0.000118,0.000000,0.000000,0
5598233000,13,55,806,4188,18.229772,0.478205,56.983038,0.000123,0.000000,0.000000,0
5701829000,18,56,710,4260,19.981898,0.491870,88.973107,0.000136,0.000000,0.000000,0
5805571000,10,57,781,4410,20.861545,1.000513,81.657878,0.000125,0.000000,0.000000,0
5909185000,14,58,851,4582,19.133891,0.633186,85.391369,0.000129,0.000000,0.000000,0
6012921000,15,59,882,4584,18.656825,0.519458,65.467362,0.000123,0.000000,0.000000,0
6116541000,13,60,881,4725,20.010393,0.678497,99.132013,0.000117,0.000000,0.000000,0
6220278000,12,61,847,4685,24.918550,0.802301,64.545159,0.000133,0.000000,0.000000,0
6323895000,13,62,854,4831,25.231944,0.572260,84.355556,0.000115,0.000000,0.000000,0
6427659000,12,63,801,4840,27.216488,0.673959,60.492980,0.000124,0.000000,0.000000,0
6531383000,14,64,829,4906,23.333736,0.503094,68.604559,0.000123,0.000000,0.000000,0
6634992000,14,65,812,4922,27.305628,0.437050,58.100145,0.000120,0.000000,0.000000,0
6738741000,14,66,772,4954,22.922270,0.471177,66.699503,0.000120,0.000000,0.000000,0
6842350000,16,67,671,4939,23.206003,0.442164,46.424973,0.000135,0.000000,0.000000,0
6945963000,16,68,643,4964,21.317560,0.426347,58.125800,0.000134,0.000000,0.000000,0
7049705000,16,69,615,5018,20.683879,0.327314,47.027011,0.000119,0.000000,0.000000,0
7153323000,16,70,604,5044,23.524078,0.368914,56.630730,0.000127,0.000000,0.000000,0
7256934000,16,71,607,5106,19.903484,0.304758,47.921951,0.000106,0.000000,0.000000,0
7360549000,17,72,569,5124,21.175395,0.311734,50.423438,0.000132,0.000000,0.000000,0
7464167000,16,73,565,5162,23.051663,0.447219,57.538322,0.000112,0.000000,0.000000,0
7567786000,17,74,520,5171,19.971410,0.353368,40.705643,0.000104,0.000000,0.000000,0
7671396000,18,75,610,5294,19.364211,0.348513,67.993368,0.000120,0.000000,0.000000,0
7775144000,19,76,608,5352,18.608827,0.250693,40.881780,0.000122,0.000000,0.000000,0
7878754000,20,77,657,5454,19.204438,0.296463,68.206784,0.000131,0.000000,0.000000,0
7982493000,19,78,657,5613,19.133435,0.260173,53.866571,0.000099,0.000000,0.000000,0
8086111000,18,79,797,5871,18.676844,0.335492,88.755351,0.000126,0.000000,0.000000,0
8189849000,21,80,846,6056,19.377983,0.345378,74.498900,0.000103,0.000000,0.000000,0
8293470000,18,81,840,6104,19.971957,0.402928,58.199983,0.000130,0.000000,0.000000,0
8397102000,20,82,803,6194,21.045347,0.415253,67.103854,0.000102,0.000000,0.000000,0
8500847000,20,83,746,6267,20.994715,0.399518,65.589310,0.000125,0.000000,0.000000,0
8604438000,21,84,797,6393,20.892511,0.431492,71.074893,0.000134,0.000000,0.000000,0
8708175000,18,85,808,6525,22.038163,0.455662,85.202594,0.000124,0.000000,0.000000,0
8811795000,16,86,791,6589,21.406406,0.557333,68.768790,0.000114,0.000000,0.000000,0
8915403000,23,87,746,6645,21.407656,0.515762,72.147143,0.000129,0.000000,0.000000,0
9019162000,17,88,715,6690,21.698825,0.386909,61.257892,0.000114,0.000000,0.000000,0
9122890000,15,89,798,6900,21.000989,0.403660,89.797715,0.000128,0.000000,0.000000,0
9226512000,14,90,922,7080,20.237653,0.437700,74.219734,0.000138,0.000000,0.000000,0
9330247000,16,91,994,7198,20.613660,0.514660,82.316326,0.000124,0.000000,0.000000,0
9433986000,17,92,984,7273,21.100273,0.524014,73.477336,0.000120,0.000000,0.000000,0
9537749000,17,93,911,7302,23.153240,0.530695,72.460711,0.000102,0.000000,0.000000,0
9641587000,18,94,917,7045,24.913239,0.530301,91.374948,58.160003,0.000000,0.000000,0
9849229000,22,95,687,7122,22.918137,0.377313,56.658376,0.000117,0.000000,0.000000,0
9953059000,23,96,832,7369,22.138509,0.349025,73.787243,0.000097,0.000000,0.000000,0
10056930000,24,97,838,7603,25.272447,0.464396,84.710368,0.000146,0.000000,0.000000,0
10160830000,25,98,973,7762,23.499106,0.471419,79.598383,0.000115,0.000000,0.000000,0
10264660000,24,99,943,7788,22.750362,0.546304,69.345132,0.000102,0.000000,0.000000,0
10368670000,25,100,882,7780,23.272871,0.535034,69.662164,0.000115,0.000000,0.000000,0
10472640000,23,101,783,7828,25.002163,0.593041,74.986790,0.000113,0.000000,0.000000,0
10576630000,24,102,792,7896,23.432973,0.496887,68.637062,0.000101,0.000000,0.000000,0
10680620000,29,103,793,7464,22.261247,0.400102,75.930414,72.622363,48.428787,5.087287,72
10992720000,27,104,795,7581,24.679115,0.481008,99.348578,62.352074,35.378665,3.873795,75
11304310000,23,105,939,8039,20.256437,0.415388,69.069430,42.257232,0.000000,0.000000,0
11408180000,21,106,843,8337,19.893450,0.390263,67.052570,0.000107,0.000000,0.000000,0
11511920000,22,107,974,8238,19.884803,0.539549,58.241022,45.574823,0.000000,0.000000,0
11615530000,20,108,776,8482,20.820917,0.402449,77.868938,0.000146,0.000000,0.000000,0
11719270000,23,109,1021,8354,36.998250,0.487036,61.899208,48.958978,41.580190,5.622254,81
11926380000,23,110,921,8334,41.101111,3.239019,84.226477,61.670617,44.480384,4.759804,82
12237100000,12,111,887,8615,26.765679,0.598935,80.313900,33.291302,0.000000,0.000000,0
12444110000,10,112,785,8788,23.687842,0.648857,89.160409,0.000091,0.000000,0.000000,0
12547670000,10,113,853,8661,21.225186,0.448942,53.882425,33.637656,23.635348,3.911854,76
12754690000,10,114,737,8835,21.721002,0.560889,67.733216,0.000118,0.000000,0.000000,0
12858060000,10,115,758,8935,19.870431,0.419520,62.239134,0.000130,0.000000,0.000000,0
12961670000,11,116,699,8960,19.628378,0.473538,57.572609,0.000132,0.000000,0.000000,0
13065200000,12,117,689,9041,19.035853,0.341887,59.303546,0.000108,0.000000,0.000000,0
13168770000,12,118,675,9059,18.994756,0.362192,60.451865,0.000129,0.000000,0.000000,0
13272350000,13,119,587,9149,18.807050,0.478660,73.551861,0.000104,0.000000,0.000000,0
13375880000,14,120,643,9167,18.018214,0.425474,54.460790,0.000107,0.000000,0.000000,0
13479500000,15,121,613,9291,18.876427,0.377331,65.506547,0.000112,0.000000,0.000000,0
13583110000,16,122,666,9354,17.767258,0.441105,68.343318,0.000108,0.000000,0.000000,0
13686720000,16,123,621,9320,18.281067,0.425965,41.887021,0.000108,0.000000,0.000000,0
13790340000,17,124,539,9283,18.879478,0.425120,47.988655,0.000120,0.000000,0.000000,0
13893950000,18,125,491,9404,19.275698,0.408098,67.703700,0.000093,0.000000,0.000000,0
13997670000,19,126,585,9509,18.077080,0.329173,50.124604,0.000130,0.000000,0.000000,0
14101300000,19,127,567,9488,18.393609,0.348176,42.519455,0.000116,0.000000,0.000000,0
14204920000,20,128,525,9524,19.042943,0.308458,56.527271,0.000103,0.000000,0.000000,0
14308540000,21,129,551,9660,18.210653,0.368205,71.674932,0.000119,0.000000,0.000000,0
14412270000,20,130,610,9722,18.785607,0.377912,53.445939,0.000104,0.000000,0.000000,0
14515890000,22,131,576,9786,19.185280,0.431163,60.207046,0.000131,0.000000,0.000000,0
14619680000,20,132,660,9921,18.151698,0.432614,76.856864,0.000103,0.000000,0.000000,0
14723260000,23,133,725,10071,19.829623,0.402990,70.962890,0.000107,0.000000,0.000000,0
14826860000,24,134,720,10106,20.905097,0.503977,63.188800,0.000109,0.000000,0.000000,0
14930480000,24,135,696,10197,19.766592,0.503493,73.450257,0.000096,0.000000,0.000000,0
15034100000,24,136,731,10245,20.105634,0.450379,54.721058,0.000128,0.000000,0.000000,0
15137840000,27,137,814,10438,21.903362,0.413130,102.454901,0.000189,0.000000,0.000000,0
15345080000,29,138,716,10419,21.766090,0.453273,48.359315,0.000127,0.000000,0.000000,0
15448810000,27,139,611,10458,22.425912,0.431819,59.459536,0.000096,0.000000,0.000000,0
15552550000,24,140,628,10567,19.655310,0.340373,61.148344,0.000128,0.000000,0.000000,0
15656170000,26,141,707,10719,20.627138,0.412136,77.187032,0.000107,0.000000,0.000000,0
15759900000,26,142,759,10772,20.867583,0.542318,60.801356,0.000107,0.000000,0.000000,0
15863640000,29,143,722,10834,21.247770,0.392925,62.800266,0.000122,0.000000,0.000000,0
15967390000,22,144,641,10859,20.677840,0.402980,53.853617,0.000122,0.000000,0.000000,0
16071020000,22,145,619,10888,20.427614,0.346569,54.328539,0.000125,0.000000,0.000000,0
16174740000,22,146,638,11051,19.782979,0.296521,74.515772,0.000118,0.000000,0.000000,0
16278450000,22,147,733,11296,19.502830,0.338419,96.944679,0.000131,0.000000,0.000000,0
16382090000,25,148,1024,11348,20.159408,0.416159,101.578975,54.040013,0.000000,0.000000,0
16589330000,21,149,991,11519,20.261827,0.687837,85.164577,0.000098,0.000000,0.000000,0
16693090000,25,150,1121,11579,21.343698,0.669845,68.579462,0.000095,0.000000,0.000000,0
16796680000,20,151,877,11591,19.281174,0.693102,73.464563,0.000096,0.000000,0.000000,0
16900430000,22,152,793,11741,18.347760,0.544886,90.549072,0.000098,0.000000,0.000000,0
17004190000,18,153,912,11768,17.305752,0.439286,60.128494,0.000110,0.000000,0.000000,0
17107900000,20,154,820,11690,18.025805,0.444936,55.935468,0.000097,0.000000,0.000000,0
17211650000,19,155,618,11576,19.405378,0.460269,56.049575,0.000117,0.000000,0.000000,0
17315390000,14,156,630,11782,16.739271,0.317464,85.161218,0.000116,0.000000,0.000000,0
17419150000,12,157,828,12013,18.728162,0.345489,93.622008,0.000100,0.000000,0.000000,0
17522870000,19,158,905,12097,18.536086,0.637123,83.373055,0.000114,0.000000,0.000000,0
17626480000,12,159,895,12125,18.093682,0.683848,73.623385,0.000102,0.000000,0.000000,0
17730220000,12,160,820,12161,18.492569,0.671998,84.153927,0.000105,0.000000,0.000000,0
17833840000,13,161,786,12144,17.402952,0.623155,67.850432,0.000111,0.000000,0.000000,0
17937460000,14,162,722,12189,17.845346,0.547935,76.172366,0.000103,0.000000,0.000000,0
18041200000,15,163,668,12160,18.481822,0.459844,56.784021,0.000111,0.000000,0.000000,0
18144820000,16,164,636,12223,18.022946,0.413822,65.957332,0.000097,0.000000,0.000000,0
18248550000,13,165,641,12298,17.640498,0.396051,67.944767,0.000106,0.000000,0.000000,0
18352170000,15,166,704,12398,19.018089,0.349239,64.466244,0.000100,0.000000,0.000000,0
18455930000,14,167,696,12494,19.120274,0.447218,71.503921,0.000116,0.000000,0.000000,0
18559570000,15,168,712,12572,19.073184,0.520961,73.111227,0.000107,0.000000,0.000000,0
18663260000,15,169,724,12620,18.537062,0.472648,62.553965,0.000137,0.000000,0.000000,0
18766880000,16,170,636,12601,18.687985,0.465308,53.359261,0.000091,0.000000,0.000000,0
18870490000,16,171,539,12565,20.303504,0.404975,50.973473,0.000129,0.000000,0.000000,0
18974110000,16,172,496,12582,18.578903,0.325612,49.402782,0.000110,0.000000,0.000000,0
19077720000,18,173,485,12596,18.268878,0.313489,51.211576,0.000097,0.000000,0.000000,0
19181410000,17,174,468,12628,17.633818,0.290544,50.296630,0.000119,0.000000,0.000000,0
19285020000,19,175,487,12664,18.500001,0.307511,55.121941,0.000111,0.000000,0.000000,0
19388680000,23,176,574,12496,18.570619,0.272745,86.016199,48.228005,191.163052,1.664394,47
20010020000,18,177,429,12597,17.047661,0.442429,65.723493,0.000104,0.000000,0.000000,0
20217140000,22,178,541,12550,16.692138,0.213932,75.709613,38.639512,161.527984,1.268495,49
20734440000,18,179,442,12846,16.915952,0.478960,64.184587,0.000089,0.000000,0.000000,0
20837960000,15,180,571,12932,14.878801,0.273059,48.952679,27.914095,0.000000,0.000000,0
20941510000,9,181,602,13086,15.324862,0.301025,59.974237,0.000179,0.000000,0.000000,0
21045020000,5,182,740,13237,15.297874,0.329795,38.180272,31.917963,0.000000,0.000000,0
21148370000,6,183,696,13107,15.466804,0.415248,37.437592,33.870383,9.933402,1.631507,66
21355440000,5,184,698,13124,14.050487,0.375545,41.917862,29.948845,10.429460,1.677445,67
21562720000,6,185,613,13245,14.523191,0.592684,48.430346,26.548596,0.000000,0.000000,0
21666360000,7,186,548,13302,14.588801,0.437850,57.420812,0.000098,0.000000,0.000000,0
21770100000,8,187,578,13432,14.255811,0.387771,66.913264,0.000088,0.000000,0.000000,0
21873950000,8,188,662,13527,14.515954,0.373876,57.689893,0.000120,0.000000,0.000000,0
21977710000,9,189,699,13675,14.714346,0.457869,83.812818,0.000112,0.000000,0.000000,0
22081440000,10,190,707,13677,15.560982,0.507760,59.316131,0.000119,0.000000,0.000000,0
22185310000,9,191,747,13774,16.827682,0.401556,63.030701,0.000120,0.000000,0.000000,0
22289170000,10,192,685,13825,16.114418,0.471119,62.852194,0.000077,0.000000,0.000000,0
22393170000,10,193,666,13912,16.899597,0.392528,60.720482,0.000103,0.000000,0.000000,0
22497160000,10,194,643,14007,17.127371,0.417113,66.271794,0.000116,0.000000,0.000000,0
22601290000,11,195,694,14138,16.891215,0.373784,69.390765,0.000134,0.000000,0.000000,0
22705510000,12,196,715,14333,17.680821,0.385299,83.906658,0.000141,0.000000,0.000000,0
22809640000,12,197,824,14436,16.763406,0.484641,71.024412,0.000094,0.000000,0.000000,0
22913660000,12,198,733,14421,18.618969,0.519385,56.768696,0.000106,0.000000,0.000000,0
23017610000,11,199,770,14672,17.978748,0.540493,113.009407,0.000146,0.000000,0.000000,0
23121720000,13,200,1022,15021,17.402552,0.450832,117.666351,0.000223,0.000000,0.000000,0
23329700000,12,201,1029,15088,20.865519,0.557585,85.566848,0.000116,0.000000,0.000000,0
23433600000,13,202,965,15093,18.263051,0.710955,80.631047,0.000110,0.000000,0.000000,0
23537560000,14,203,916,15176,22.597364,0.704533,89.495884,0.000142,0.000000,0.000000,0
23641430000,15,204,848,15141,25.720358,0.740528,72.600492,0.000108,0.000000,0.000000,0
23745190000,15,205,770,15290,24.080326,0.475068,91.304626,0.000120,0.000000,0.000000,0
23848990000,16,206,861,15355,26.481302,0.529083,68.631826,0.000117,0.000000,0.000000,0
23952650000,17,207,914,15615,24.027270,0.505391,99.748231,0.000145,0.000000,0.000000,0
24056420000,18,208,903,15667,37.403737,0.573558,68.226002,0.000121,0.000000,0.000000,0
24160010000,15,209,916,15788,35.244254,0.489398,95.203118,0.000092,0.000000,0.000000,0
24263960000,17,210,885,15820,28.759758,0.442381,65.143618,0.000104,0.000000,0.000000,0
24367270000,19,211,817,15872,34.355638,0.633557,77.972496,0.000105,0.000000,0.000000,0
24471000000,18,212,766,15865,30.442545,0.720723,76.004125,0.000112,0.000000,0.000000,0
24574560000,21,213,701,15885,26.335750,0.450706,68.318249,0.000114,0.000000,0.000000,0
24678100000,24,214,644,15877,25.005536,0.375686,52.892372,0.000113,0.000000,0.000000,0
24781830000,21,215,679,15985,29.730743,0.557633,93.400437,0.000107,0.000000,0.000000,0
24885470000,21,216,635,15975,28.976635,0.522130,48.133776,0.000120,0.000000,0.000000,0
24989130000,21,217,652,16034,26.344602,0.509331,78.390056,0.000133,0.000000,0.000000,0
25092670000,22,218,712,16171,23.944122,0.399482,74.849231,0.000108,0.000000,0.000000,0
25196320000,25,219,657,16144,23.636262,0.414818,50.094894,0.000116,0.000000,0.000000,0
25299900000,26,220,570,16079,22.853875,0.389290,51.650288,0.000126,0.000000,0.000000,0
25403640000,24,221,472,16042,23.473065,0.481131,49.304015,0.000101,0.000000,0.000000,0
25507250000,24,222,491,16105,21.415397,0.349508,66.225678,0.000125,0.000000,0.000000,0
25610880000,25,223,549,16224,20.939533,0.336280,64.499950,0.000136,0.000000,0.000000,0
25714630000,26,224,565,16276,21.253376,0.383227,63.130009,0.000124,0.000000,0.000000,0
25818220000,28,225,614,16341,20.703670,0.322175,64.104748,0.000115,0.000000,0.000000,0
25921980000,27,226,570,16360,20.641525,0.345644,62.342621,0.000138,0.000000,0.000000,0
26025680000,28,227,531,16367,24.950465,0.503678,45.101310,0.000138,0.000000,0.000000,0
26129230000,28,228,526,16561,21.476934,0.412272,65.321132,0.000123,0.000000,0.000000,0
26232990000,32,229,857,16819,20.132392,0.310826,102.410906,0.000094,0.000000,0.000000,0
26336550000,32,230,999,16942,32.571475,1.082225,96.429412,0.000116,0.000000,0.000000,0
26440340000,33,231,788,16775,21.991288,0.574572,47.020176,0.000113,0.000000,0.000000,0
26544050000,28,232,592,16757,21.814944,0.388308,65.068472,0.000124,0.000000,0.000000,0
26647670000,30,233,655,16925,20.523752,0.272964,96.956582,0.000101,0.000000,0.000000,0
26751260000,32,234,735,17028,21.077799,0.333430,80.112051,0.000124,0.000000,0.000000,0
26854880000,34,235,735,17071,21.544502,0.497917,71.228029,0.000127,0.000000,0.000000,0
26958500000,33,236,718,17108,22.226768,0.548360,71.319886,0.000126,0.000000,0.000000,0
27062230000,32,237,731,17253,26.249863,0.383921,82.071007,0.000117,0.000000,0.000000,0
27165870000,28,238,731,17381,22.763388,0.495180,97.590647,0.000115,0.000000,0.000000,0
27269470000,31,239,681,17405,25.902981,0.495892,76.180890,0.000123,0.000000,0.000000,0
27373230000,33,240,737,17624,36.267813,0.506917,88.904912,0.000113,0.000000,0.000000,0
27476870000,28,241,883,17701,30.924755,0.652484,74.501178,0.000133,0.000000,0.000000,0
27580440000,29,242,812,17550,58.152181,5.819061,113.083628,0.000122,0.000000,0.000000,0
27684070000,26,243,771,17564,24.994616,0.589953,65.623004,0.000118,0.000000,0.000000,0
27787700000,27,244,775,17608,26.327250,0.472121,52.403873,0.000117,0.000000,0.000000,0
27891280000,19,245,774,17619,22.409607,0.472918,54.249848,0.000135,0.000000,0.000000,0
27995100000,18,246,711,17711,21.359774,0.406994,55.722960,0.000106,0.000000,0.000000,0
28098650000,23,247,769,17817,28.179152,0.556788,84.575550,0.000147,0.000000,0.000000,0
28202280000,20,248,985,18066,26.373715,0.452044,104.367957,0.000129,0.000000,0.000000,0
28305870000,24,249,1044,18162,24.807055,0.519581,90.854314,0.000133,0.000000,0.000000,0
28409630000,25,250,1004,18233,29.209084,0.539236,98.582592,0.000131,0.000000,0.000000,0
28513230000,23,251,960,18322,42.080539,0.989241,118.625157,0.000128,0.000000,0.000000,0
28616840000,22,252,893,18398,25.121653,0.508858,83.518342,0.000100,0.000000,0.000000,0
28722280000,20,253,833,18401,36.345498,0.466145,73.320508,0.000106,0.000000,0.000000,0
28824220000,24,254,789,18459,30.155144,0.452780,68.326678,0.000099,0.000000,0.000000,0
28927940000,19,255,821,18585,26.871367,0.408946,91.138864,0.000125,0.000000,0.000000,0
29031560000,20,256,765,18593,26.142618,0.417475,53.672057,0.000121,0.000000,0.000000,0
29135300000,19,257,775,18706,25.599322,0.430378,94.113648,0.000116,0.000000,0.000000,0
29238910000,19,258,865,18864,29.975180,0.690961,81.909949,0.000107,0.000000,0.000000,0
29342530000,14,259,864,18900,23.807016,0.440264,87.069165,0.000101,0.000000,0.000000,0
29446140000,14,260,801,18912,35.448211,1.506604,116.333917,0.000097,0.000000,0.000000,0
29549760000,15,261,696,18828,21.517483,0.499900,57.518096,0.000146,0.000000,0.000000,0
29653420000,15,262,608,18832,24.478901,0.361963,56.688780,0.000152,0.000000,0.000000,0
29757120000,14,263,569,18893,19.752287,0.317078,65.466933,0.000136,0.000000,0.000000,0
29860880000,12,264,723,19131,19.820762,0.306901,98.714093,0.000110,0.000000,0.000000,0
29964620000,14,265,835,19258,20.606595,0.340897,77.380147,0.000097,0.000000,0.000000,0
30068210000,13,266,735,19244,25.895039,0.431944,62.418406,0.000100,0.000000,0.000000,0
30172000000,15,267,806,19377,25.951530,0.439730,93.648269,0.000130,0.000000,0.000000,0
30275700000,12,268,875,19548,24.450751,0.524828,87.685944,0.000117,0.000000,0.000000,0
30379310000,10,269,924,19651,23.395057,0.595393,89.102630,0.000135,0.000000,0.000000,0
30483050000,8,270,1007,19811,20.902566,0.498132,90.730170,0.000127,0.000000,0.000000,0
30586670000,7,271,1004,19895,20.080600,0.508740,85.106264,0.000113,0.000000,0.000000,0
30690400000,7,272,918,19947,23.468073,0.859130,98.903833,0.000107,0.000000,0.000000,0
30794050000,7,273,893,19972,35.590441,0.588910,94.409162,0.000139,0.000000,0.000000,0
30897640000,8,274,897,20050,29.845229,0.722088,102.670492,0.000099,0.000000,0.000000,0
31001380000,8,275,952,20125,24.559370,0.646263,102.777258,0.000195,0.000000,0.000000,0
31105010000,7,276,940,20181,25.620107,0.740635,106.040236,0.000140,0.000000,0.000000,0
31208610000,7,277,809,20060,22.808890,1.100061,53.733415,0.000114,0.000000,0.000000,0
31312350000,6,278,675,19999,21.868838,0.512595,57.545186,0.000098,0.000000,0.000000,0
31416200000,8,279,709,20120,20.252944,0.438933,96.277317,0.000097,0.000000,0.000000,0
31520060000,8,280,763,20191,19.680517,0.422181,71.048927,0.000118,0.000000,0.000000,0
31623420000,7,281,799,20295,19.574201,0.504110,98.816559,0.000124,0.000000,0.000000,0
31726940000,8,282,765,20339,21.843194,0.430003,68.972275,0.000117,0.000000,0.000000,0
31830690000,7,283,691,20346,19.783764,0.426478,70.737583,0.000122,0.000000,0.000000,0
31934300000,8,284,694,20363,22.334811,0.394039,95.384683,0.000104,0.000000,0.000000,0
32038040000,8,285,704,20437,32.238167,0.573664,71.578413,0.000124,0.000000,0.000000,0
32141650000,7,286,680,20460,19.228051,0.407493,67.032188,0.000126,0.000000,0.000000,0
32245260000,9,287,752,20586,22.367289,0.440745