#Stereo rect[ms], MP culling[ms], MP creation[ms], LBA[ms], KF culling[ms], Total[ms]
73.543831,0.100062,5.314728,0.000000,0.005065,78.969711
39.304339,0.182396,11.618228,0.000000,0.001440,51.108474
36.431083,0.670164,16.834249,30.785459,0.151672,84.873758
35.759700,0.482161,21.966741,39.393588,0.314721,97.917567
37.610989,0.725832,28.158171,58.310335,0.373798,125.180069
27.577014,0.633156,34.344242,61.106782,0.474463,124.136308
34.407061,0.587001,38.923054,71.755649,0.586718,146.259875
30.112204,0.660446,43.869947,80.549979,0.710739,155.903767
26.966423,0.652394,49.147747,90.806286,0.849586,168.424280
25.642602,0.708462,51.755031,100.632039,0.942373,179.681039
23.515817,0.749042,54.709582,78.756286,1.022713,158.754029
22.527257,0.664709,59.518382,111.855286,1.089446,195.655555
22.059108,0.610934,62.576872,109.588633,1.378635,196.214787
41.551159,1.365749,67.206293,143.130803,1.367160,254.621654
31.067107,0.780179,72.509839,100.103073,1.465498,205.926230
28.441012,0.560051,69.302840,110.712301,1.570660,210.587472
26.684131,0.550574,73.934407,117.584822,1.902979,220.659518
25.940470,0.586676,76.984774,164.732261,1.647238,269.891935
25.879899,0.556382,85.757030,138.501074,1.892393,252.587295
23.757971,0.601697,84.210782,156.256663,2.143554,266.971141
24.292198,0.890273,89.778763,179.026249,2.096905,296.084919
21.957310,0.676950,91.723079,108.244701,2.678702,225.281253
21.449577,0.836529,95.319693,113.444378,2.742111,233.793040
21.101615,0.758549,92.755401,140.516268,2.501106,257.633462
20.882308,0.817837,91.387211,113.883905,3.099629,230.071541
20.813661,0.822943,95.137592,133.824970,2.953111,253.552791
19.901068,0.759512,88.507101,122.097478,3.624010,234.889697
20.802350,0.665534,94.292278,121.740967,2.311271,239.812879
21.339129,0.387073,97.663105,166.730743,3.689094,289.809559
21.220336,0.500813,90.481951,22.482502,3.012948,137.698991
21.933397,0.356205,98.146812,125.704616,2.284021,248.425935
24.319443,0.389241,97.323379,201.172986,2.313629,325.519208
23.868729,0.410575,100.506835,163.686920,5.109186,293.585263
23.255321,0.516722,99.500425,205.500045,8.037587,336.810649
29.690088,0.797011,99.090918,150.360036,4.394127,284.332983
26.753269,0.672920,102.425037,223.258139,5.938482,359.048725
31.614534,1.007823,113.387940,174.293607,6.757491,327.062228
39.945215,0.827306,107.929018,166.600442,5.589183,320.891948
28.194320,0.885868,119.569364,128.559094,2.800118,280.009492
23.882776,1.018660,82.809147,119.312055,2.680450,229.703722
21.272647,1.044140,62.252918,76.163530,1.478754,162.212714
20.367782,0.787290,56.040809,60.239764,1.230240,138.666509
18.869909,0.724376,52.643560,64.113349,1.089067,137.440776
18.376549,0.597811,53.770921,58.735494,0.911493,132.392727
18.097687,0.510922,54.586724,54.327584,0.985128,128.508512
18.893068,0.521519,59.440155,60.693686,1.067321,140.616177
18.879111,0.418335,63.404868,66.411281,1.169078,150.283198
19.402845,0.433080,71.873134,74.975195,1.260980,167.945734
19.762550,0.462561,81.581780,115.325382,1.494372,218.627162
20.057621,0.639983,82.263505,150.432149,1.638419,255.032168
19.874598,0.679917,76.973223,121.652636,1.743121,220.924042
20.326614,0.636247,80.255715,137.336268,2.070030,240.625330
25.683652,0.774707,82.243916,109.234137,2.196043,220.133035
22.489147,0.860030,73.945627,115.803367,2.239256,215.337980
20.843356,0.917269,74.636975,121.229573,3.131295,220.759028
35.360317,0.882659,76.916296,103.339485,2.871312,219.370543
29.920091,0.746492,97.216443,104.591283,3.358216,235.833105
27.222791,0.688878,87.472483,118.857278,2.947058,237.189048
24.999716,0.633554,80.496646,116.554146,2.938157,225.622701
24.226443,0.571261,85.615121,122.689789,3.327057,236.430530
24.505663,0.552457,89.443413,121.149492,2.515108,238.166694
23.646070,0.496892,91.411984,164.245363,2.704845,282.505747
22.820869,0.637098,92.125432,138.192871,3.240647,257.017509
22.791580,0.715377,88.591851,126.886775,3.547906,242.534151
18.735474,0.671904,91.539747,115.761572,3.812578,230.524237
17.320223,0.541151,65.050514,70.822481,3.325705,157.060559
16.166558,0.741336,51.467923,60.761186,1.797321,130.934782
15.679050,0.769299,50.257072,47.974002,1.599984,116.279885
15.542018,0.690980,51.057229,59.655364,0.769059,127.715121
15.703511,0.783605,55.972476,53.650957,0.742879,126.853950
16.620941,0.797330,66.120905,67.285107,0.883134,151.707914
17.672354,0.770202,65.484690,76.037863,1.004506,160.970101
18.134019,0.878218,52.352788,74.887227,1.119663,147.372348
18.826655,0.726619,56.393283,82.349028,1.230569,159.526664
21.416771,1.893949,71.314992,97.855376,1.372140,193.853596
25.629959,0.791803,67.269203,79.969578,1.476567,175.137920
23.115597,0.888100,73.279255,117.633012,1.531556,216.448130
22.129574,0.784300,86.502383,141.121484,1.699238,252.237558
21.818772,0.778832,79.185366,146.083699,1.893788,249.761072
21.658872,0.873027,79.601578,119.458618,2.408695,224.001310
22.170185,0.870968,74.535278,166.558148,2.276070,266.411276
22.140537,0.931080,79.902036,179.132505,2.340304,284.447008
21.139351,0.795281,79.560235,138.502308,3.034269,243.031978
20.987501,0.736211,78.992882,141.978124,3.478513,246.173980
20.848757,0.690929,78.325079,147.827970,3.409598,251.103095
20.571489,0.686134,86.218344,210.027409,3.147272,320.651406
21.793512,0.712610,95.262685,165.758284,3.278345,286.806122
20.268196,0.881147,93.195647,227.393795,3.899783,345.639159
18.925004,0.972057,83.954156,139.347906,4.221563,247.421267
19.072436,0.987350,89.848593,177.563023,3.608679,291.080904
18.944388,0.912588,93.911623,123.688889,4.351401,241.809742
19.167869,0.907497,99.949281,131.952129,3.759978,255.737445
18.762628,1.086364,99.578421,145.003372,3.891827,268.323164
18.166220,0.862299,86.323767,103.217274,3.831998,212.402254
17.996266,0.944029,95.769654,107.149735,4.098301,225.958562
18.269169,0.971911,101.344119,138.993689,3.296530,262.876058
17.838628,1.021364,95.539801,140.533748,3.296434,258.230566
17.507611,1.119371,87.204686,95.240857,4.044563,205.117668
16.214010,1.061974,81.971840,131.648272,4.337435,235.234097
16.759263,0.871976,88.951391,86.050685,4.440323,197.076566
17.290844,0.917469,89.643565,109.197139,4.539621,221.589145
17.821157,0.788440,93.767810,132.381608,3.138389,247.897973
18.759139,0.764134,96.938122,130.503091,2.688922,249.653945
19.627527,0.753148,112.914142,175.325899,3.174804,311.796089
19.285562,0.974261,101.961700,143.700060,3.444688,269.366748
18.484426,1.125324,92.240349,126.091336,3.536010,241.478046
18.269630,1.080432,97.384682,147.701288,4.157970,268.594576
18.275072,1.026778,92.916340,187.487197,3.529544,303.235578
18.527526,1.079176,90.094649,117.231634,4.274476,231.207956
38.459945,0.919652,91.604438,123.482173,3.133898,257.600838
33.115328,0.768499,93.529888,159.379558,4.694984,291.488768
29.707763,0.574518,97.399368,232.322708,5.121939,365.126915
27.815324,0.626129,100.221640,178.915307,4.355677,311.934614
24.322705,0.633813,113.572943,260.266952,5.349399,404.146379
23.254315,0.782405,102.027984,161.891698,4.465439,292.422532
22.590620,1.005145,98.697015,142.150913,5.269215,269.713580
18.517941,0.812011,73.880113,135.810450,2.483748,231.504848
18.272927,2.105290,62.445651,92.184080,1.982295,176.990714
20.579109,0.839474,60.277648,69.713327,1.712688,153.122946
19.064724,0.700836,54.221499,82.003513,1.171009,157.162093
21.807686,0.739937,46.425256,74.496191,1.257930,144.727450
20.912382,0.675643,49.804272,81.734976,1.416366,154.544109
20.336755,0.788676,61.448702,93.871353,1.365417,177.811407
19.986323,0.809693,65.539988,109.649063,1.563695,197.549188
19.831570,0.959759,67.359580,115.014146,1.672764,204.838553
18.884216,0.988745,72.492962,94.330787,1.827496,188.524665
19.034467,0.954496,73.696385,124.122456,2.258866,220.067282
18.844690,0.922624,75.185717,98.530905,2.119732,195.604237
18.575338,0.735663,69.432014,136.242343,2.699326,227.687803
19.199149,0.672752,62.372887,104.574157,2.227046,189.046638
18.429639,0.535003,66.143672,66.233801,2.281166,153.623834
19.748955,0.416529,60.844817,20.156416,3.004160,104.171310
19.662793,0.518000,75.555348,126.179651,2.443598,224.359869
20.301606,0.437244,78.106062,130.266155,2.620572,231.732197
20.316439,0.532915,87.455536,193.833559,2.841798,304.980888
20.565940,0.717570,80.438403,159.170869,3.106568,263.999921
36.126658,0.737304,83.475128,153.159433,3.406870,276.906202
28.864523,0.712281,86.171050,147.509529,3.368736,266.626682
26.423543,0.627682,82.561339,155.779452,3.470451,268.863008
26.046468,0.953718,99.807963,175.073806,5.169138,307.051658
23.334055,0.727445,90.752428,153.857580,3.292448,271.964503
22.977219,0.643077,70.794752,0.000000,0.000000,94.416101
23.054018,0.543587,70.933799,0.000000,0.000000,94.532143
23.765292,0.384675,91.531008,0.000000,0.000000,115.681559
23.717854,0.347182,74.106645,0.000000,0.000000,98.172129
24.531690,0.293603,99.796941,0.000000,0.000000,124.622950
25.088283,0.258524,98.564781,0.000000,0.000000,123.912303
25.949130,0.252049,66.265105,0.000000,0.000000,92.466997
27.489225,0.241671,89.441398,0.000000,0.000000,117.173034
27.409795,0.204288,95.921166,265.857055,3.941214,393.334508
32.354028,0.364113,103.719868,344.947237,6.161216,487.547070
29.743935,0.423885,111.568450,254.392130,5.858788,401.988000
29.692854,0.747629,112.365842,270.125632,6.161459,419.094175
28.174551,0.669678,105.183846,415.947828,7.592310,557.568964
25.762160,0.789833,100.181037,258.154819,6.661049,391.549536
21.108907,0.695495,90.721968,196.527376,5.187938,314.242189
19.811564,0.569456,76.180628,201.485469,4.722228,302.770031
18.469928,0.563609,77.242682,190.410195,4.006557,290.693592
17.915712,0.541745,61.791870,120.858882,3.851744,204.960542
17.170931,0.570066,58.542156,115.913881,2.180564,194.378825
16.783581,0.691501,53.199494,92.434716,1.994373,165.104512
17.886821,0.626581,59.744351,109.776549,2.076348,190.111331
17.281260,0.583205,60.326443,60.304533,2.160864,140.657021
17.555761,0.423896,72.496602,94.294079,2.055687,186.826685
18.766400,0.430414,74.575266,107.012410,2.451828,203.236891
19.783919,0.496996,82.536495,157.456727,2.430774,262.705674
19.140980,0.556356,80.927773,129.591275,3.200751,233.417673
18.516444,0.560130,80.418525,167.180913,2.720833,269.398159
17.901894,0.784304,76.949531,131.903594,3.466619,231.006800
17.223575,0.685992,68.546559,185.243515,3.116973,274.817557
17.271073,0.715125,73.785209,143.831584,3.800185,239.404061
17.040261,0.684221,71.310449,142.967594,3.816559,235.819606
16.839823,0.791670,73.653683,136.679066,3.560330,231.525375
16.676124,0.766309,73.749930,137.464124,3.676609,232.333938
16.752874,0.706772,77.565043,137.029286,3.842009,235.896594
17.254239,0.725736,76.871296,193.986345,3.475466,292.313693
16.873937,0.745917,82.628312,139.081013,4.022595,243.352421
17.480892,0.725209,84.090841,157.855278,3.896451,264.049478
17.225276,0.813538,84.878704,126.631516,4.152854,233.702557
17.067032,0.735615,80.801705,100.544900,3.914205,203.064226
17.169218,0.714288,85.346585,129.884715,8.313548,241.429041
18.518563,0.652581,93.070842,133.430452,3.385210,249.058198
18.773710,0.606472,91.110236,142.514531,3.987129,256.992695
17.989399,0.641591,89.911166,134.400449,3.154071,246.097234
18.404602,0.568180,99.889946,110.370975,4.267820,233.502024
17.957787,0.665537,83.022359,126.780708,5.107255,233.534491
17.577725,0.690022,85.885376,124.458617,3.694545,232.306875
18.188212,0.624958,88.416313,143.212871,3.321453,253.764303
18.580974,0.638471,99.072791,139.331801,5.183848,262.808421
18.238584,0.678913,84.160640,147.875143,4.250950,255.204760
19.158485,0.860364,87.267665,131.132501,3.394499,241.814115
19.440248,0.699820,84.519550,105.083948,3.418267,213.162423
22.593162,0.557502,85.891161,114.736623,3.386498,227.165503
21.744288,0.498927,88.317476,118.577213,3.391867,232.530533
24.974483,0.643059,72.450452,0.000000,0.000000,98.068496
23.297838,0.550982,91.075429,232.297565,3.662829,350.885321
23.657672,0.667376,89.386010,175.452516,7.052474,296.218738
41.325114,0.595139,103.802559,186.767813,4.317282,336.808477
32.619938,0.710927,102.599020,258.509993,7.902805,402.343552
28.717429,0.896952,89.217177,185.170087,7.047609,311.049880
26.704088,0.653270,89.786272,171.475115,3.844668,292.464300
26.084946,0.682357,93.984743,99.780891,3.781836,224.315395
26.311206,0.526710,73.653524,0.000000,0.000000,100.492109
25.251616,0.449601,78.448361,0.000000,0.000000,104.150103
26.197196,0.459044,78.169149,0.000000,0.000000,104.826004
26.430795,0.314810,91.382426,0.000000,0.000000,118.131984
29.239399,0.694281,129.068377,42.593942,6.186370,207.782876
28.685435,0.434656,79.071053,0.000000,0.000000,108.191754
29.185614,0.378203,76.877135,0.000000,0.000000,106.441648
34.415868,0.294486,110.068920,140.465366,4.730135,289.975279
35.127891,0.385923,112.039573,364.988839,9.754054,522.296922
33.395711,0.581026,105.232105,271.208902,8.561395,418.979909
30.289583,0.436688,108.846550,394.508482,9.649506,543.731398
28.021423,0.531910,99.349140,301.279487,9.493776,438.676273
24.819744,0.658120,93.860936,305.999904,7.074122,432.413548
21.268890,0.537925,85.303893,209.826019,5.678156,322.615552
18.620246,0.580644,64.042339,110.160780,3.445617,196.850314
17.772928,0.729914,62.706990,91.869746,1.920831,175.001069
18.049140,0.795139,54.964348,97.342188,1.678905,172.830166
18.119508,0.767836,54.278958,79.552102,1.640802,154.359717
17.119670,0.530038,50.239094,62.115264,1.744252,131.748852
17.016450,0.438992,57.959178,71.715093,1.775423,148.905740
17.719302,0.417432,61.118516,94.314095,1.683900,175.253949
17.988296,0.393822,71.676024,77.484278,2.062456,169.605519
18.507907,0.398538,81.012170,123.906029,2.358856,226.184039
18.463397,0.740375,81.371759,132.693029,2.697315,235.966474
18.129326,0.640580,79.553286,150.774059,2.779854,251.877939
17.813980,0.636036,71.146449,123.372439,3.193887,216.163659
17.207228,0.605984,67.827294,123.461042,2.756144,211.858226
17.345298,0.533888,66.618588,116.105834,2.761985,203.366162
17.566011,0.421820,69.364800,122.325290,2.959350,212.637891
17.857831,0.502432,74.429967,130.554067,3.227419,226.572497
18.635563,0.518927,74.291966,168.113874,3.111428,264.672380
18.350066,0.622335,80.582713,142.184527,3.396354,245.136622
17.929300,0.593254,77.201328,187.292724,3.515464,286.532683
18.662995,0.689323,84.227720,145.745369,3.753937,253.079952
18.526549,0.654706,84.050984,147.084336,3.820101,254.137731
19.142471,0.750910,88.355540,150.913945,3.773040,262.936889
19.404492,0.719595,87.341666,167.700600,4.031308,279.198310
20.303048,0.652828,92.019870,162.193880,3.710244,278.880528
21.759095,0.654843,90.887729,153.200245,4.540981,271.043764
21.423938,0.573771,89.298996,168.360580,3.975128,283.633140
22.440028,0.538778,93.631864,216.680627,3.781781,337.073786
22.475594,0.481494,95.752814,204.840000,5.309077,328.859797
22.879107,0.518543,98.471925,261.035360,5.131779,388.037390
22.093400,0.632725,92.618082,184.231030,5.295519,304.871383
21.474243,0.606948,101.987459,257.573872,5.497061,387.140582
41.653373,0.742638,100.762349,205.948883,7.439220,356.547070
28.978088,1.049155,89.598828,194.709726,7.547049,321.883647
26.456828,0.684750,98.867244,0.000000,0.000000,126.009500
24.696481,0.602621,86.511223,153.135287,4.245170,269.191720
26.131026,0.431491,93.166176,117.798315,4.567531,242.095147
28.752696,0.459643,103.965540,42.074135,5.070133,180.323045
26.266871,0.477239,79.068521,0.000000,0.000000,105.813403
25.348311,0.418403,111.404986,126.896632,4.707684,268.776881
28.842628,0.485893,99.805789,204.005305,4.812630,337.952888
28.830401,1.837292,110.780148,291.049015,5.687536,438.190167
33.004212,0.788438,98.483534,320.154518,5.375261,457.806746
27.799613,0.635289,90.108100,233.170229,5.588833,357.302830
26.228549,0.693960,86.183577,231.216052,8.007377,352.330071
22.273772,0.751044,88.170853,177.248485,7.498876,295.943888
21.744159,0.756138,91.019361,171.222436,7.366035,292.108972
21.332738,0.750325,91.723409,161.039974,4.352290,279.199413
22.022512,0.774215,86.576035,111.945731,4.236223,225.555373
20.923260,0.656573,85.448086,110.489606,3.876805,221.394938
20.808743,0.568078,84.576898,114.925714,4.050829,224.930743
20.958299,0.508426,87.705005,172.529201,8.250932,289.952535
19.979142,0.438643,70.830438,127.436279,3.943833,222.628841
18.992984,0.404990,67.186614,42.054814,3.032701,131.672587
19.539084,0.437155,78.433869,136.647452,4.063136,239.121557
20.434652,0.403047,92.277342,165.347848,8.470452,286.934299
20.656109,0.476049,94.378525,175.497494,8.672184,299.681166
19.669043,0.559173,95.368942,194.649697,8.336080,318.583550
19.196103,0.691049,94.369590,102.992272,7.722862,224.974640
18.679896,0.640628,100.242482,109.965218,8.020207,237.549090
19.246489,0.650336,94.457467,192.310764,8.846893,315.512926
19.259041,0.575822,95.718586,117.201387,8.061507,240.817085
19.246481,0.543386,89.784552,156.015397,7.974191,273.564734
19.890238,0.501921,97.110859,136.112567,8.130768,261.746990
19.225668,0.516596,91.150565,116.183488,8.533785,235.610899
18.965788,0.629115,88.172327,118.159847,8.455353,234.383292
17.087775,0.594952,70.567871,106.030109,2.228808,196.510137
15.820372,0.485209,61.368100,71.575376,1.800168,151.049896
15.089431,0.654834,49.580592,67.056461,1.566419,133.948270
14.805081,0.417721,37.395291,53.746472,1.063543,107.428712
15.743466,0.682930,33.983199,62.510136,1.227845,114.148200
15.475395,0.467740,37.534110,59.228489,1.273527,113.979765
15.415849,0.454912,44.097511,76.345917,1.330045,137.644773
15.631311,0.497712,46.618129,83.544752,1.650968,147.943644
15.830976,0.563417,46.180831,83.614658,1.486517,147.676869
15.733341,0.415646,48.727423,64.944211,1.791288,131.612503
15.433877,0.426322,52.198716,64.914356,1.839489,134.813327
16.006186,0.465422,58.173818,37.835049,1.773670,114.254617
16.805409,0.319839,64.451591,12.170951,1.783334,95.531607
16.839660,0.252484,61.644506,76.551206,1.841241,157.129721
17.552788,0.279821,68.834753,87.230050,2.020398,175.918468
17.657101,0.344696,73.125475,132.066388,2.339785,225.533959
17.163194,0.461654,72.538724,101.590850,2.775543,194.530650
17.342751,0.517103,70.241391,104.101299,2.392960,194.596226
17.890013,0.501929,77.264470,64.232529,2.518344,162.407876
22.774512,0.579508,91.347118,169.067545,3.033383,286.802622
18.433793,0.511861,86.462301,124.044324,2.976134,232.428986
18.716979,0.498347,87.099067,178.346456,3.202307,287.863914
35.927317,0.754577,94.642804,121.177592,3.394318,255.897283
28.652775,0.592965,81.605238,181.107101,3.596107,295.558059
36.309372,0.989955,89.874013,123.924538,3.272601,254.371782
25.698877,0.497429,78.163449,119.103847,3.196935,226.661406
23.746329,0.514973,85.151984,182.607963,4.038519,296.060508
24.807366,0.506739,79.932212,107.439358,3.292779,215.979142
22.870379,0.427626,79.708255,107.544154,3.669167,214.220503
26.255465,0.502846,82.516146,90.548812,3.770181,203.593870
23.240431,0.406834,73.702810,95.450044,3.026774,195.827501
21.631400,0.563141,86.773763,75.728376,3.144886,187.842191
37.666870,0.509243,89.849341,82.874258,3.686041,214.586272
28.988390,0.570711,77.771560,106.756478,3.723589,217.811267
25.838822,0.483647,87.943589,84.225508,3.378372,201.870457
24.872379,0.636946,88.735767,148.043732,3.409504,265.702157
25.159236,0.789987,81.782663,83.954732,3.015009,194.702342
22.748785,0.384193,73.912883,67.092800,23.818070,187.957903
22.341503,0.501968,68.043238,12.589778,2.701981,106.179010
20.840784,0.302791,71.576205,27.533032,2.521269,122.774764
19.794818,0.211467,72.368968,18.448330,2.621760,113.445842
20.609325,0.419891,76.471570,15.847479,2.616812,115.965668
20.382514,0.264484,74.414996,0.000000,0.000000,95.062655
19.650372,0.239779,75.911805,98.657602,3.829175,198.289457
18.851736,0.288452,82.637221,38.907644,2.570603,143.256547
23.332198,0.245652,78.338601,104.355349,4.016407,210.288674
21.566512,0.257163,87.270223,92.187640,4.127846,205.409957
23.797120,0.348315,79.130722,97.869746,4.528354,205.675088
21.180945,0.427767,73.617348,89.127168,3.645292,187.999170
20.864990,0.308275,73.220415,98.612517,4.479329,197.486052
20.393802,0.308261,70.693922,92.575428,4.608221,188.580259
33.491243,0.257797,90.289426,121.685979,3.328387,249.053591
32.701599,0.449871,78.192054,112.677937,3.202144,227.224389
30.183885,0.471267,78.274576,108.992850,3.083611,221.007038
27.649438,0.506925,81.605482,172.312307,6.779735,288.858365
24.522172,0.717585,113.476800,115.195837,4.230644,258.143806
22.433526,0.492002,66.003114,85.683468,4.970618,179.583287
21.043115,0.479614,72.465269,73.037964,4.776853,171.803268
21.283056,0.379931,82.610830,80.779358,4.873543,189.927278
21.329057,0.397208,91.534781,124.826439,12.669790,250.757846
22.417209,0.666105,89.219051,96.663725,2.741388,211.708246
21.756341,0.418640,93.969528,108.958651,5.148290,230.252091
21.240722,0.408529,99.316796,90.005133,4.322447,215.294251
22.798649,0.469590,89.094723,98.197820,5.352482,215.913939
22.838328,0.579985,89.757427,147.381321,4.570940,265.128605
25.696760,0.505758,95.834947,109.668049,4.303381,236.009430
23.202379,0.511498,112.329179,139.270786,3.865353,279.179762
21.603479,0.601783,105.363909,151.795622,4.272084,283.637594
20.612400,0.665530,90.798014,132.657015,3.885793,248.619364
19.526485,0.592771,70.532278,79.614164,2.558144,172.824496
18.574503,0.450433,55.769709,79.445406,2.381535,156.622114
18.614620,0.429392,56.537015,100.421215,2.460448,178.463288
18.499091,0.480694,54.719999,100.046538,2.078780,175.825584
32.188237,0.793757,58.704676,92.932942,1.922939,186.543268
26.205385,0.511132,59.954511,76.284180,2.104082,165.059752
25.252901,1.682904,67.339553,133.704774,2.460427,230.446198
23.046529,0.632713,62.574237,79.246015,2.091461,167.591534
21.684351,0.487529,64.355191,82.708861,2.180109,171.416910
21.569155,0.964303,86.837956,126.081298,2.438412,237.891827
20.480878,0.542020,77.107760,96.124096,2.504010,196.759377
20.085952,0.583743,72.073211,143.407536,2.570744,238.721951
21.126650,0.579052,73.970484,106.456999,2.553817,204.687765
23.711911,0.536941,63.292715,102.395416,2.657900,192.595660
34.657458,0.656662,69.423168,115.072644,2.911363,222.722046
28.103219,0.456561,69.909768,115.475988,2.705404,216.651641
25.369152,0.495771,65.309409,90.072043,3.089563,184.336974
24.090266,0.527965,74.492220,90.867769,2.732116,192.711076
22.841759,0.440695,75.108368,98.151201,2.917222,199.460020
21.973381,0.420846,72.378171,94.396975,2.917277,192.087336
21.011162,0.398601,81.402415,95.063751,2.684809,200.561318
20.482623,0.448972,81.621082,76.040349,2.866021,181.459650
20.349688,0.557610,81.970867,116.302784,3.242225,222.423770
20.080824,0.861779,95.309242,118.788851,4.242085,239.283328
18.923976,0.873164,88.092552,111.039940,3.637694,222.567973
18.612750,0.698187,86.177309,112.027078,3.136382,220.652464
17.306267,0.599413,77.894931,109.765689,2.369874,207.936865
16.475677,0.585607,68.435014,60.755858,2.349765,148.602453
17.635169,0.470270,60.323793,73.920568,2.121034,154.471418
19.375060,0.363653,66.404534,57.722998,2.383181,146.250193
19.212910,0.355297,63.621509,66.385825,2.442846,152.019037
22.207696,1.804907,73.382949,114.945802,3.009755,215.355753
21.076372,0.659294,69.823884,121.472929,3.003866,216.037075
20.415532,0.525200,83.810677,145.816511,3.440205,254.008885
19.174867,0.506285,78.741664,146.328429,3.922474,248.674523
18.194141,0.631672,77.600238,174.413379,3.952740,274.792729
21.661453,0.621271,75.044211,111.628911,3.505578,212.462086
20.208042,0.483428,76.037157,98.568633,3.831280,199.129372
20.247913,0.461424,66.671528,78.289560,3.365184,169.036361
19.437581,0.478178,64.963506,67.657924,3.357521,155.895303
18.616868,0.468945,67.785020,83.935888,3.225011,174.032163
18.516823,0.447870,71.119722,69.829895,2.370632,162.285469
18.215285,0.779908,79.344527,108.442870,2.526486,209.309791
18.246422,0.483042,77.972450,87.688971,2.381823,186.773186
18.195589,0.655394,86.959606,125.629590,2.437786,233.878609
18.148698,0.550520,88.466308,100.855424,2.498293,210.519887
17.482976,0.711453,95.085586,147.686631,2.683444,263.650571
17.619361,0.575811,86.088751,100.626985,2.832451,207.744179
17.476205,0.600551,77.041264,101.736206,2.805125,199.659994
17.941181,0.453854,83.072490,107.851766,2.798954,212.118872
17.956511,0.434301,80.973640,115.986327,3.042355,218.393858
17.835444,0.529518,78.702274,167.224667,3.168973,267.461685
17.926376,0.487994,77.335721,130.101030,3.475083,229.326974
18.584308,0.477285,86.202141,135.392535,3.391604,244.048452
18.367533,0.505014,74.436505,140.757755,3.505468,237.572816
18.219799,0.463729,81.978258,149.241401,3.725685,253.629506
18.882224,0.574673,86.367930,164.057847,4.046053,273.929898
18.624414,0.716487,93.445036,162.089462,4.219767,279.095825
18.301277,0.638258,82.670215,139.739375,4.068801,245.418574
18.177673,0.584523,84.667178,144.047024,4.540971,252.018016
18.677102,0.539614,85.305618,159.277655,3.836293,267.637092
19.910420,0.502870,88.985653,158.756452,4.412910,272.569226
20.117809,0.580669,91.586409,230.517438,4.802857,347.605906
21.182730,0.531733,89.808588,178.969871,4.967790,295.461323
20.681503,0.469665,96.511160,277.727555,5.261865,400.652423
34.200221,0.588715,98.995357,198.794259,19.066798,351.649969
28.543152,0.674177,88.931888,194.922010,5.547021,318.619136
23.951055,0.487279,76.281407,107.761663,2.869829,211.351817
21.631986,0.421189,72.346756,101.080493,2.696279,198.177505
20.328384,0.375407,67.944947,109.269896,7.343482,205.262632
20.524143,0.537226,55.938689,102.470266,2.635620,182.106472
19.557027,0.340024,53.464247,73.563515,2.301549,149.227096
19.624342,0.396359,51.124209,109.527993,2.180763,182.854251
19.657180,0.454802,57.508371,103.809062,2.264552,183.694795
18.803795,0.420261,59.555450,111.076299,2.284824,192.141357
18.292188,0.609982,61.259894,101.311432,2.484184,183.958277
18.832333,0.720878,62.226532,120.522415,2.474626,204.777715
18.103629,0.461307,64.313156,91.117167,2.592042,176.587886
24.055788,0.669927,69.666096,95.540153,2.715829,192.648415
20.906724,0.448034,68.288082,100.085629,2.807296,192.536344
19.778108,0.444242,67.278942,104.078923,2.706565,194.287851
19.264421,0.444335,65.514919,101.239480,2.795653,189.259430
19.064654,0.664853,74.369454,100.568078,2.793752,197.461431
18.258648,0.444774,62.696113,115.265559,3.107642,199.773245
17.983337,0.530975,66.897816,127.718507,2.893834,216.025068
18.378489,0.475909,66.709335,77.858774,2.978180,166.401487
18.219204,0.478200,72.841695,81.771986,2.936112,176.247810
18.533725,0.512063,74.561529,120.749561,3.115627,217.473307
17.937907,0.520176,70.807698,71.630864,3.035275,163.932460
17.887396,0.653932,73.164214,104.849459,3.231590,199.787205
16.540564,0.519452,64.065068,69.076994,3.123437,153.326064
16.953195,0.508956,73.028107,107.948219,3.359021,201.798082
16.997994,0.489286,77.563533,116.357043,13.189367,224.597810
16.784485,0.599487,84.536871,87.816097,3.549022,193.286568
17.263149,0.589370,83.670643,124.228596,3.961500,229.713980
16.788095,0.563437,80.280256,88.628772,4.080780,190.342083
16.668716,0.622284,77.855558,104.650699,3.847609,203.645626
16.378942,0.544049,79.790265,76.940499,3.806586,177.460878
16.345571,0.513647,86.099619,106.540779,4.014845,213.515167
16.003138,0.593213,73.248576,89.852792,4.448866,184.147240
16.492605,0.575297,76.423170,79.306613,4.046792,176.845184
16.797789,0.535284,86.464142,84.083262,4.192368,192.073774
17.141710,0.485477,87.039208,94.275675,4.424268,203.367289
16.294852,0.510644,75.624400,115.716409,3.976892,212.123837
17.015852,0.535840,91.746976,92.465985,4.943886,206.709101
16.763470,0.558282,80.798040,120.767721,4.856362,223.744792
16.873344,0.552762,78.867366,153.250228,3.199437,252.743828
17.090286,0.600478,82.665306,134.196316,4.942437,239.495409
17.501920,0.521825,87.072937,108.734240,5.489787,219.321383
17.465427,0.526303,82.839826,158.990737,5.477419,265.300451
17.441782,0.631327,86.490706,105.994401,5.903037,216.461933
17.358203,0.755542,89.675991,111.403958,3.913485,223.107861
17.770263,0.564706,81.647546,113.628687,5.781041,219.392855
19.010881,0.527293,86.853511,139.165774,3.308492,248.866498
18.817937,0.450854,97.408669,108.066149,3.293514,228.037728
19.319584,0.487875,84.489371,109.077089,3.287139,216.661635
19.952411,0.420731,85.951648,118.450388,3.525020,228.300979
20.558412,0.459489,89.999562,180.757723,5.523101,297.298944
20.842359,0.430100,87.599649,149.430794,5.712638,264.016195
20.608547,0.563906,90.793783,208.560591,6.437756,326.965349
33.403062,0.511678,88.066552,159.890777,7.262861,289.135508
26.080953,0.489437,80.311592,150.469717,6.103107,263.455549
27.393686,1.399495,71.925134,111.861655,3.107250,215.691595
20.366595,0.638871,49.725604,96.984191,2.453408,170.169493
18.460395,0.728740,44.841536,63.859049,1.193340,129.083596
22.631826,0.459215,35.308901,37.523256,1.209762,97.133543
36.576542,0.789947,108.289098,57.573626,9.562522,212.792761
33.512419,0.532535,108.918262,119.736179,6.491640,269.191696
47.264563,0.410263,101.376026,0.000000,0.000000,149.051594
39.067144,0.351678,118.152966,498.558238,11.812408,667.943427
44.029413,0.683820,133.116325,348.490737,10.934681,537.256016
35.887150,1.629519,186.768805,419.408105,9.037646,652.736416
31.848274,0.597636,107.831909,337.723829,9.376890,487.379372
36.447014,0.693949,122.677059,321.347283,11.955365,493.121533
34.745770,0.731547,113.355912,0.000000,0.000000,148.841069
32.862879,0.522062,111.343155,466.661053,10.925524,622.315615
28.848087,0.492666,97.481999,298.771939,7.228842,432.824213
25.897630,0.457043,97.768909,208.400642,7.283739,339.808894
24.429101,0.411846,87.403549,48.614599,8.803191,169.662921
22.986482,0.419210,93.840612,241.148882,6.432610,364.828803
22.441042,0.540671,86.734720,201.761869,8.385428,319.864738
20.587912,0.539385,92.889674,185.485722,8.096470,307.599969
19.670097,0.529668,93.507014,183.903048,5.179228,302.789930
20.175784,0.607756,88.094450,132.902082,5.263482,247.044267
19.872683,0.657569,87.184798,105.877413,5.152848,218.745989
19.734725,0.538047,101.422801,216.470563,5.321006,343.487784
19.856850,0.529325,101.434776,162.648759,5.106166,289.576450
19.796410,0.571961,100.739133,140.475951,5.680290,267.264585
19.483444,0.812748,93.703297,149.453709,4.462561,267.916639
19.390539,0.660672,90.018898,117.755392,5.437144,233.263374
19.069193,0.546103,95.427182,156.559585,5.334734,276.937424
18.934657,0.544271,89.955237,125.436610,5.239837,240.111235
18.821112,0.598324,92.122077,158.570255,4.410539,274.523056
17.882497,0.594402,89.151351,116.497610,4.358995,228.485639
18.401679,0.727875,92.682984,138.975966,4.269543,255.058747
18.540795,0.563450,87.470710,140.622732,4.323390,251.521946
19.112790,0.650916,83.382877,129.447500,4.447521,237.042294
18.863828,0.558261,87.811194,132.963269,4.194402,244.391757
19.023351,0.530933,87.790783,134.086992,4.031196,245.464105
19.289881,0.513069,97.979275,105.926490,4.164490,227.874056
20.847840,0.516443,86.643324,189.778006,4.745926,302.532422
21.012654,0.500428,85.883659,153.913627,4.614784,265.925861
20.385759,0.596237,91.524191,156.314017,4.363431,273.186767
20.112403,0.552649,93.715952,211.170746,4.478804,330.031322
34.945143,0.677819,93.547062,160.723744,4.588946,294.483421
27.767626,0.648096,86.127789,186.207779,5.330795,306.082999
25.620506,1.333992,91.579236,184.315369,5.136273,307.989073
23.482337,0.621916,84.188134,163.018500,5.060950,276.373069
22.326011,0.620313,85.112209,170.125549,5.784540,283.970148
21.576972,1.139191,83.163873,161.287270,4.597761,271.768327
21.929901,0.590540,86.583646,148.979192,4.727881,262.811913
23.516687,0.702090,85.608231,182.944771,5.425866,298.198751
22.233542,0.585187,94.946048,176.684087,5.794914,300.244747
24.614947,0.648787,97.755229,164.906364,5.453760,293.379855
34.199498,0.941329,90.085258,178.483543,6.261241,309.971650
29.421197,0.793357,85.100932,191.433744,4.538737,311.299398
57.029738,1.741744,75.315016,133.452249,3.800479,271.339697
23.723303,0.583227,75.131004,96.740891,5.437018,201.615995
22.779379,0.581963,101.681186,118.741416,5.390464,249.177572
21.811184,0.715386,85.081408,98.166159,5.214319,210.989129
20.704542,0.638661,89.289440,87.840662,5.077765,203.551790
20.125124,0.512252,79.841513,123.959963,5.160016,229.599628
19.941048,0.705429,90.221864,72.237569,4.907142,188.021133
19.235583,0.630782,84.629013,97.929814,4.109857,206.535539
18.007601,0.787546,83.018599,95.683963,2.473710,199.971895
17.962016,0.874431,79.052723,68.164301,2.428547,168.482651
23.347566,0.967706,75.477062,70.862749,2.602671,173.258433
31.993561,0.879828,64.246383,62.040774,1.610668,160.771921
25.661247,0.517311,55.844288,57.334087,1.577545,140.935018
23.109049,0.571740,57.287984,58.153114,1.453567,140.575889
22.455407,0.501678,73.137013,69.773621,1.875921,167.744128
20.867413,0.592517,76.084576,80.728605,1.830841,180.105009
19.749134,0.680164,64.968284,82.163567,1.921741,169.483436
19.902466,0.481102,66.956069,77.282028,1.776494,166.398662
19.845209,0.439780,70.795878,62.629878,1.834848,155.546084
19.656227,0.450039,68.699679,82.757542,2.066510,173.633765
19.283847,0.567833,82.844374,74.248926,2.134568,179.083386
18.424551,0.388041,80.402414,77.573262,2.112741,178.901631
18.143971,0.407041,80.693152,90.607482,2.144192,191.996401
17.759285,0.395873,71.642928,75.301581,2.316324,167.416525
18.142971,0.354866,80.011526,75.512547,2.387239,176.409810
18.731489,0.427941,87.734898,87.309607,2.725042,196.929811
18.132561,0.640636,82.759752,129.907120,3.059804,234.500667
17.827075,0.541362,81.091690,86.135819,2.931159,188.527940
17.713317,0.638707,77.482673,92.016236,3.038989,190.890661
17.996316,0.558894,77.406769,91.410151,3.107187,190.480020
17.735012,0.440344,79.789598,102.968387,3.396418,204.334231
18.725352,0.677133,90.759994,146.955353,3.663094,260.781582
18.894858,1.114546,96.469580,123.415053,3.733489,243.628217
18.326243,0.611420,96.622962,124.829872,3.793330,244.184466
18.035063,0.778924,94.794062,121.116354,3.863143,238.588934
17.889305,0.675256,92.823790,168.209164,3.886666,283.484733
17.637541,0.664227,84.347210,121.353255,4.620306,228.623219
17.527540,0.736000,88.653407,128.042090,4.126093,239.085863
16.648243,0.623238,68.067532,117.307193,4.180424,206.827452
17.379408,0.628778,84.973110,0.000000,0.000000,102.982042
17.450415,0.510083,81.506360,20.863771,3.294590,123.626126
17.721276,0.382114,78.228892,21.158588,3.307608,120.799036
18.086823,0.372780,80.081723,138.616803,3.814101,240.972887
23.744009,0.403209,80.160114,105.366462,4.142770,213.817188
21.931516,0.405769,76.733762,96.484597,3.807394,199.363817
20.593821,0.582412,87.282836,138.513717,4.100452,251.073912
18.866080,0.541382,78.967867,77.238094,3.066585,178.680658
18.494385,0.706010,73.661276,83.753888,3.865913,180.482108
17.871749,0.483547,78.190008,77.664918,3.391224,177.602233
17.553176,0.497923,73.447225,78.740333,4.367657,174.606832
18.017143,0.534639,66.185142,67.197047,3.603989,155.538545
17.524694,0.463640,65.062650,54.142585,4.178118,141.372594
17.499466,0.412693,58.820056,78.043129,4.034347,158.810350
17.425533,0.393066,67.564067,63.319013,4.237293,152.939785
16.860871,0.487444,73.897938,85.845015,3.743182,180.835315
17.679682,0.581614,86.912041,94.585491,4.281981,204.041586
16.605830,0.614918,76.764636,91.170417,4.436450,189.592835
15.435744,0.669770,58.120288,47.874627,1.737786,123.838745
15.165546,0.623573,47.822959,61.251914,1.436178,126.300975
15.473294,0.450660,58.872575,63.061025,1.301970,139.160339
16.769662,0.537960,42.332535,64.600858,1.166803,125.408637
16.998801,0.512101,46.622830,75.529397,1.384812,141.048569
17.651549,0.511324,50.555213,92.706174,1.703289,163.128155
31.068559,0.519042,56.545101,96.570411,1.837284,186.541054
26.848334,0.624830,62.750071,77.291370,2.018807,169.533951
24.522753,0.829410,56.915392,91.266617,2.543063,176.080273
23.184454,1.431769,58.874855,104.003724,2.761153,190.260935
21.168137,0.528896,59.327348,130.415401,2.700155,214.140630
41.596793,0.755706,76.204000,96.476964,2.762751,217.797282
19.048585,0.491458,65.032185,98.770015,2.996377,186.339325
18.901485,0.513127,73.034221,147.577231,3.163848,243.190842
18.963607,0.570982,81.162528,123.658470,3.229987,227.586175
18.341083,0.531604,72.460726,108.606606,3.167429,203.108223
18.199191,0.543829,59.618395,103.193353,3.491747,185.047293
17.984279,0.610047,67.443181,83.268666,2.906633,172.213362
17.607057,0.429449,72.314623,81.940325,2.949902,175.241895
18.562470,0.380560,78.979060,128.224443,3.520531,229.667722
19.204958,0.502646,80.640686,105.147614,3.546852,209.043423
18.186242,0.462853,84.209287,136.854515,3.563913,243.277592
18.160899,0.564306,81.551635,108.526849,3.904242,212.708823
17.569925,0.551876,81.768094,141.614499,3.805046,245.310253
17.382995,0.567164,77.111980,116.474893,4.453286,215.991025
17.595698,0.684686,78.278830,107.967996,4.174809,208.703074
17.952552,0.441862,79.956758,112.811545,4.350366,215.513821
17.919159,0.453513,75.073703,104.125383,4.167906,201.740351
17.586515,0.456428,84.163980,116.344754,4.462560,223.014958
17.586692,0.593229,78.922415,169.843954,4.695678,271.642829
16.955609,0.604873,75.060877,104.465578,4.458960,201.546525
16.470022,0.480312,73.470312,106.134308,5.036743,201.592264
16.363103,0.561755,72.878052,102.188291,4.463529,196.455633
16.133077,0.725897,70.716401,118.580234,4.504112,210.660280
17.064644,0.578267,86.728637,92.893164,4.711258,201.976542
15.822387,0.613926,70.132930,100.350539,4.390471,191.310868
15.796987,0.484197,73.291580,79.770347,4.477596,173.821394
15.343449,0.665951,74.158416,97.267463,4.589452,192.025546
15.880505,0.539469,73.427398,76.602897,3.337330,169.788139
15.735110,0.568523,71.723992,67.204346,4.274508,159.507066
15.809309,0.518523,72.405630,89.540769,4.284684,182.559620
16.200896,0.438259,72.505615,60.373188,3.672474,153.191115
16.342871,0.421457,73.827486,81.919061,4.570458,177.082002
17.070534,0.417258,82.750266,93.093274,3.557441,196.889996
17.696876,0.433276,80.901621,83.615383,4.642651,187.290702
18.244178,0.450872,85.419075,132.037828,4.723443,240.876011
18.117615,0.374092,81.921755,90.305094,17.813129,208.532583
21.176729,0.503740,89.178213,98.721655,4.954423,214.535455
27.164385,0.506333,89.042448,142.922262,4.956653,264.592812
19.835631,0.380101,89.837663,115.976279,3.943642,229.974041
19.548342,0.459632,94.701298,175.413930,5.709020,295.832785
19.781883,0.797573,98.667536,159.127388,4.805406,283.180863
24.924723,0.646199,98.526224,200.684882,5.063609,329.846415
21.826809,0.651895,90.875686,191.358423,4.598412,309.311880
19.907625,0.699598,81.072151,123.907225,4.272768,229.860042
18.340136,0.664788,70.486730,109.134736,4.075250,202.702239
17.493798,0.592796,56.091413,90.952133,2.805341,167.936127
17.723551,0.587859,56.847577,80.382408,1.953896,157.496359
17.669835,0.446670,55.921294,90.269579,2.050540,166.358593
18.013038,0.524613,64.552996,98.529524,2.164664,183.785358
18.324522,0.467773,71.763608,114.565064,2.067884,207.189451
18.287016,0.483080,72.906545,81.810908,2.292150,175.780329
18.530656,0.470816,77.324766,124.931104,2.828688,224.086779
19.249442,0.618168,77.383090,99.456127,2.922349,199.629778
18.324743,0.530937,77.137794,144.374997,3.092406,243.461528
18.476047,0.730112,83.963106,112.613082,3.513144,219.296139
18.265165,0.539081,77.454680,121.277708,3.323606,220.860841
17.884937,0.674983,77.404403,175.225409,3.427590,274.618297
18.372554,0.517602,72.126182,124.746849,3.577658,219.341603
18.701832,0.691155,73.234318,178.866414,3.604533,275.099018
18.624413,0.555369,77.764785,139.716950,11.427649,248.089967
18.925196,0.573011,75.005421,149.442079,4.094257,248.040838
18.578064,0.570555,73.586606,154.199851,4.266515,251.202361
19.267622,0.556376,91.588415,140.905657,4.349810,256.668488
19.668404,0.470749,78.114228,157.700546,4.393381,260.351403
33.586604,0.437972,82.807021,238.906610,5.229042,360.967895
28.356760,0.577750,86.774309,181.481031,5.556804,302.747248
25.434254,0.536185,93.554930,295.460329,5.355670,420.346094
23.331174,1.022370,85.839128,201.734323,6.037243,317.964896
23.589594,0.866534,89.801478,205.745692,5.691714,325.695654
21.613418,0.676479,85.596843,217.253331,6.144876,331.285703
20.958526,0.765999,81.891143,189.316656,5.480819,298.413933
21.477273,0.581962,87.376722,171.560377,19.426441,300.423391
21.513662,0.604534,82.332724,109.875002,5.025485,219.352109
21.998392,0.535372,27.224384,0.000000,0.000000,49.758858
22.752087,0.563657,83.915192,45.588924,6.865622,159.686164
23.975978,0.349489,71.340082,0.000000,0.000000,95.666019
24.151419,0.295379,69.459605,0.000000,0.000000,93.906863
24.509777,0.288413,75.380174,0.000000,0.000000,100.178786
30.415107,0.249938,102.689474,0.000000,0.000000,133.354982
30.135746,0.261513,80.392104,0.000000,0.000000,110.790046
43.696445,0.317583,79.048063,0.000000,0.000000,123.062743
30.333060,0.295270,77.730622,0.000000,0.000000,108.359491
29.681409,0.235161,75.958745,0.000000,0.000000,105.875840
30.889015,0.240912,102.356560,535.372379,9.376886,678.236696
44.589021,0.418185,108.788024,421.134494,10.945385,585.875977
40.045196,1.444568,132.226266,486.453443,11.478613,671.654090
49.627831,0.756456,107.966954,455.888162,13.106039,627.346399
37.617745,1.048065,109.485302,501.170821,8.976471,658.299272
43.223549,1.144310,87.134091,359.891842,7.674844,499.069257
32.203117,0.636039,85.721832,150.427174,6.832584,275.821310
32.781560,1.446170,90.509657,323.376312,6.800888,454.920561
27.880423,0.630584,86.389003,60.629701,7.460934,182.991410
28.866037,0.644328,91.924348,257.656085,6.874219,385.965660
27.082606,0.565663,91.778910,57.080440,7.558428,184.067201
26.367084,0.512902,93.256694,125.515563,6.610423,252.263212
24.081935,0.415452,114.425940,57.779388,8.739499,205.443390
25.539230,0.461349,94.221657,348.940531,7.113769,476.277128
28.328839,0.557917,89.213700,244.667075,7.508585,370.276727
43.871076,0.468882,86.750744,171.660665,6.883507,309.635615
32.302771,0.580951,87.659058,218.539258,6.290180,345.372914
28.325118,0.464485,85.707375,205.720341,6.703158,326.921261
25.785767,0.499308,87.312667,213.654875,6.223830,333.477373
26.418305,0.533164,83.881054,78.242851,4.230880,193.306974
23.385442,0.460200,81.008658,235.075254,6.944659,346.874931
27.422258,0.525417,75.635912,0.000000,0.000000,103.584158
27.785567,0.441730,91.279252,167.107504,7.444523,294.059333
21.881289,0.379834,90.634156,135.417190,8.478784,256.792567
21.748604,1.351472,94.369869,154.183723,7.183601,278.843004
20.774764,0.866169,120.460855,93.046918,5.433572,240.582846
19.534524,0.415498,79.947995,107.244421,6.850458,213.993488
21.651128,0.430265,80.388740,86.298636,4.726066,193.495442
22.440952,0.480027,76.452049,107.404245,3.421475,210.199368
20.834751,0.456515,81.226321,87.063236,2.818731,192.400234
32.592220,0.455066,69.777165,87.302787,3.700720,193.828713
26.795299,0.429842,77.389686,83.151426,3.077243,190.844429
24.326490,0.386172,131.118582,122.006630,3.097340,280.940139
23.720864,0.600840,85.147137,85.344797,2.674599,197.488867
22.279476,0.718477,83.434618,94.988004,2.904832,204.325950
28.253527,0.461534,82.692909,95.294089,3.517859,210.220891
35.642592,0.664481,77.429922,121.375139,3.438218,238.551230
28.914044,0.563505,83.742189,94.028253,3.786031,211.034837
26.592486,0.641295,81.939681,107.727342,4.332336,221.234361
24.813450,1.996387,82.419221,144.110299,3.624862,256.967459
22.309464,0.669208,76.950757,113.320298,4.321879,217.572263
21.404097,0.670966,79.042307,110.441326,4.159478,215.721659
21.414242,0.710963,73.946954,116.411870,4.029301,216.513976
20.529532,0.766883,70.199493,117.735743,3.508669,212.741055
38.657961,0.596255,72.856308,92.408022,3.480367,207.999578
24.615786,0.443959,72.348824,92.573320,3.575609,193.558105
22.288238,0.432028,76.836616,90.330350,4.510755,194.398673
21.749845,0.559881,73.962572,48.742249,3.034798,148.049926
19.754735,0.319448,64.867542,0.000000,0.000000,84.942517
19.149368,0.396204,77.497952,111.450718,3.490588,211.985405
19.652818,0.416159,81.655436,86.879640,2.993862,191.598625
20.111425,0.405949,81.949542,96.782997,3.425033,202.675816
19.286379,0.518292,76.408598,117.341444,3.805972,217.361166
19.199909,0.592539,77.532643,88.784698,3.305538,189.416001
18.867233,0.506996,77.227849,119.078584,3.933344,219.614666
18.362035,0.528968,74.274329,90.892842,4.141531,188.200329
19.006189,0.533231,82.430327,93.673438,3.934039,199.578066
30.794826,0.541656,87.041987,97.281791,4.487795,220.148589
20.067917,0.483450,102.091194,144.081978,4.151271,270.876563
20.289478,0.679036,114.464821,161.117025,4.387582,300.938858
20.541767,0.903605,115.898646,158.536327,5.478658,301.359929
18.219719,0.946683,104.785089,145.948690,3.617572,273.518453
16.980681,0.852578,71.742052,135.963081,3.775025,229.314185
16.956581,0.903149,63.551914,90.762844,3.183388,175.358787
15.969455,0.552473,45.263801,80.647665,2.020181,144.454310
17.224899,0.434508,46.734709,72.447064,2.142506,138.984321
18.276932,0.489865,57.583994,0.000000,0.000000,76.351634
39.744970,1.557815,129.503135,514.262219,8.216562,693.290113
28.903707,0.522291,102.190287,276.061093,32.189926,439.867980
26.139923,0.630687,99.714125,269.623344,9.592665,405.701989
26.795932,0.693750,96.757249,312.515371,9.315671,446.078629
40.213784,0.707543,94.486857,0.000000,0.000000,135.409274
33.228571,0.682430,98.488005,143.611244,7.069091,283.080304
31.344140,0.670087,98.726207,47.116948,6.490994,184.349485
29.716815,0.598865,118.289519,226.982396,7.984688,383.573241
28.211269,0.835210,104.776955,179.142824,6.850457,319.817654
28.280941,0.646923,96.576660,221.059894,8.343873,354.908939
26.483276,0.979425,95.305319,191.694292,7.017364,321.480817
23.984168,0.773535,98.464237,330.528220,9.773671,463.524771
23.089847,0.832278,96.630316,203.160922,7.259535,330.973793
24.371085,0.763206,100.198336,206.925838,7.302146,339.561667
23.232558,0.795680,99.114418,199.915554,6.459449,329.518614
22.553388,0.718374,107.062363,275.931945,7.386532,413.653355
22.504039,0.740833,134.041090,296.523344,8.404513,462.214642
21.354102,0.767972,101.710172,233.319840,6.915288,364.068301
20.655168,0.860884,96.160149,207.891431,9.636230,335.204767
20.407118,0.797362,84.764546,164.113710,9.781719,279.865715
20.055955,0.635617,93.908846,151.994330,9.789539,276.385278
20.059280,0.689109,94.092150,163.557178,10.108307,288.506776
20.267561,0.748981,98.208015,190.767582,12.848810,322.841679
19.812219,0.717572,90.192806,172.632074,10.255061,293.610429
19.528901,0.720473,84.001582,181.899786,12.147084,298.298896
20.150326,0.644243,81.906132,174.885213,4.788208,282.374651
22.091980,0.628065,92.010068,160.789059,4.860269,280.380614
27.847999,1.191491,97.188853,195.950774,5.162999,327.346488
21.910203,0.745669,88.545488,159.950842,10.828525,281.981479
21.955610,0.519996,92.658045,221.758879,10.753471,347.646839
21.754420,0.627854,89.589730,183.906276,11.352668,307.231650
26.184320,0.616215,90.164612,167.744377,10.869961,295.580156
36.290835,0.653911,83.898421,150.745051,10.950941,282.540045
31.035791,0.660024,84.640259,199.293337,11.167003,326.797105
27.953417,0.624283,84.041042,139.708179,10.938244,263.265988
26.686010,0.632651,83.196367,148.412728,4.591048,263.519511
25.527818,0.552072,87.037391,110.915760,4.494715,228.528223
26.141974,0.519388,68.194012,0.000000,0.000000,94.856030
26.321022,0.376252,71.553171,0.000000,0.000000,98.251060
26.044299,0.303178,83.471712,0.000000,0.000000,109.819751
28.393815,0.332358,100.663365,129.579032,5.391338,264.360940
29.267040,0.389513,99.645319,223.060228,5.504352,357.871437
33.292450,0.955780,108.279399,389.783916,13.945832,546.259585
26.133928,0.570071,99.979936,282.943555,12.092357,421.721708
24.859942,0.661945,89.199118,216.937864,12.156988,343.816910
22.243865,0.615674,95.458444,235.516537,13.402426,367.237514
28.529917,0.642013,93.916807,241.647689,13.541329,378.278650
41.157003,0.664630,91.227386,235.342144,14.922500,383.314488
32.505411,0.827803,89.505398,221.021747,6.033145,349.894140
29.490297,0.784221,86.688609,233.650877,16.776786,367.391798
34.802802,1.664217,105.716928,274.767055,15.296282,432.253765
26.444784,0.764571,92.254827,201.146890,11.640040,332.251962
26.639871,0.734088,98.552382,248.615455,6.289048,380.832043
29.981335,0.820416,97.408835,224.784081,5.754561,358.750019
27.156780,0.747318,96.079730,197.430780,5.827213,327.242700
24.644251,0.660503,87.988106,188.055505,11.249183,312.598367
23.653052,0.591462,97.779867,200.763807,18.414225,341.203169
35.062104,0.570666,95.129484,175.371065,16.002076,322.136159
29.187101,0.652505,92.274097,180.808935,28.165257,331.092489
27.111456,0.904496,95.261932,166.863115,13.074264,303.218542
26.387340,0.678825,92.577432,122.686290,12.360738,254.691342
25.799757,0.686376,91.221467,165.283694,14.132793,297.124851
30.632024,0.712727,90.730951,198.066930,14.046878,334.190578
38.921364,0.675243,91.065145,141.882125,7.133277,279.677897
31.619427,0.830303,108.538210,192.999498,17.175707,351.168600
25.408532,0.803562,79.651122,103.616810,2.511689,211.992201
23.170261,0.711283,52.118855,73.244475,2.404618,151.650133
21.517472,1.026137,39.384236,54.976386,1.142182,118.050836
21.472444,0.519643,40.020815,63.553695,1.131253,126.698221
25.760255,0.533658,45.314920,88.437787,1.288822,161.336125
23.642160,0.483869,47.631268,77.240191,1.464314,150.462403
22.463780,0.387507,53.263558,64.343650,1.639540,142.098720
21.479806,0.421339,57.447641,85.724618,1.738616,166.812612
20.883273,0.429724,60.983360,97.358226,2.014196,181.669445
20.079768,0.509831,66.551689,90.574390,2.522022,180.238552
19.817738,0.494304,68.390599,116.977273,2.494026,208.174676
19.086774,0.523945,71.172977,88.985354,2.583798,182.353451
19.073088,0.502846,61.531662,127.446799,2.582346,211.137359
18.586598,0.442572,84.886663,104.345442,2.894577,211.156466
31.381805,0.532168,64.549835,107.205249,2.993289,206.663233
26.659639,0.564904,72.909219,164.029508,3.533180,267.697420
25.491136,0.742280,72.519534,127.443994,3.628867,229.826387
23.697982,0.576685,72.176712,157.000427,3.681595,257.139495
23.043211,0.929864,73.567396,123.038530,3.665026,224.244669
23.116370,0.460688,82.573439,140.355707,3.903301,250.410479
22.645030,0.479885,85.989315,149.144478,4.237015,262.496328
21.690401,0.554730,83.960139,158.400415,4.497097,269.103441
20.282997,0.668538,87.001593,169.635930,4.373826,281.963631
19.693369,1.046214,89.689287,123.592233,4.203654,238.230251
19.196937,0.737690,87.901787,114.935289,4.073815,226.846274
18.369943,0.782160,77.133194,98.966166,3.923805,199.178939
17.875318,0.618898,88.797837,97.849218,3.964010,209.106505
17.421269,0.581113,77.420996,87.968811,3.841982,187.234845
24.168453,0.613394,92.390057,136.221137,4.224036,257.618065
22.403352,0.621360,89.800945,89.357743,3.924617,206.108718
20.679723,0.529732,77.593464,100.427899,3.824162,203.055736
19.269700,0.640536,75.584959,77.025323,3.127761,175.648870
18.921898,0.428409,76.785945,76.559165,2.816969,175.513419
19.782414,0.497626,75.239121,97.925230,2.964070,196.409193
18.839408,0.489408,76.266885,75.792894,2.830502,174.219795
37.108718,0.646361,79.567520,120.752707,3.649792,241.725864
27.354592,0.534135,83.716210,132.863298,3.416254,247.885208
26.559896,1.543896,92.683549,133.154469,2.684626,256.630562
23.224796,0.577592,80.265598,88.162342,2.627463,194.858461
22.256494,0.448071,79.808101,94.467079,2.686379,199.666738
22.548571,0.754441,82.399327,141.382603,3.035536,250.121126
21.555892,0.474236,81.438199,111.077785,3.507239,218.054129
20.786338,0.439372,80.569084,111.889955,3.560605,217.246008
20.866616,0.542211,88.521308,176.004907,3.898949,289.834636
20.679943,0.601154,98.704193,180.018589,4.203696,304.208528
19.527207,0.821621,84.271662,152.140024,3.961255,260.722431
22.855843,0.716492,69.592377,167.077560,3.377644,263.620604
34.925738,0.713906,54.390591,73.256537,2.155718,165.443018
27.420617,0.643716,59.067739,76.297910,2.001712,165.432334
25.015593,1.004156,48.757481,104.492148,1.886198,181.160003
23.821837,1.579158,39.351589,145.081256,1.989258,211.824032
22.718106,0.687868,41.619987,79.320769,1.481294,145.828458
21.226009,0.865637,49.181507,89.007781,1.645196,161.926683
25.094352,0.654332,51.112289,90.894125,1.823376,169.579156
23.294475,0.733028,55.666157,99.590250,2.006010,181.290608
34.190992,0.699090,58.943838,79.322226,2.191852,175.348722
27.002614,0.566398,94.557007,123.309959,2.502106,247.938948
25.338066,0.744905,68.183902,88.102551,3.088234,185.458601
24.558519,1.455361,77.410459,112.078813,2.643250,218.149517
23.784007,0.827058,69.043507,142.476082,3.121038,239.253691
22.092335,0.557923,76.940467,113.999277,3.318404,216.908901
33.500177,0.614834,71.691860,112.745623,3.810498,222.363839
22.362336,0.526769,72.181418,152.097409,3.461213,250.629883
26.218912,0.512312,76.050186,101.239562,3.290386,207.312203
24.080982,0.617676,79.955770,143.014038,3.422825,251.092239
35.605671,0.638041,90.401663,142.561643,3.633469,272.841168
28.870093,0.849750,94.142424,160.828530,4.268448,288.965405
26.573260,1.432876,91.149042,153.683441,3.768180,276.610470
24.549487,0.755049,94.372397,122.182821,4.194527,246.055259
22.971962,0.733333,90.785082,126.214483,4.201772,244.907258
21.958891,0.870208,89.931520,169.250350,4.412258,286.423934
26.502239,0.712460,83.556615,110.011926,4.289820,225.073761
24.120587,0.642844,85.675209,112.516698,4.008512,226.964533
23.133624,0.564634,92.124681,131.506693,4.833958,252.164256
22.878040,0.521063,86.316290,187.264061,5.052252,302.032457
22.058688,0.590891,91.560811,150.056225,5.125653,269.393248
21.753655,0.516941,129.870187,176.986998,5.522399,334.650970
21.878253,0.533417,87.950199,150.972522,5.288262,266.623356
36.012826,0.497702,91.107518,134.091788,5.263008,266.973781
27.854997,0.546260,86.164424,101.020001,19.492508,235.083386
24.282197,1.302012,71.007945,108.636738,2.112664,207.345040
22.324956,0.610444,52.812013,69.004185,1.745346,146.497655
21.586292,0.691523,59.088623,73.152663,1.776516,156.296158
25.835102,0.529349,52.805371,81.533347,1.645948,162.349717
23.609197,0.590400,40.900458,75.101840,1.575174,141.777676
22.075135,0.519755,44.405318,82.761880,1.760507,151.523567
20.809302,0.529173,37.432079,74.606309,1.647702,135.025266
20.295883,0.533113,44.237109,81.922059,1.840405,148.829067
31.229183,0.459957,43.471479,141.093594,2.064815,218.319705
26.048468,0.491824,48.696787,72.301798,2.101495,149.641137
23.646041,0.536462,49.279413,89.913515,2.036314,165.412273
23.192720,0.587665,57.072586,77.754304,2.478652,161.086588
21.233183,0.575838,56.726755,107.941206,2.498695,188.976344
20.291516,0.637387,61.125648,104.675467,2.482514,189.213309
19.566800,0.634809,88.811890,87.192138,2.708373,198.914567
19.025915,0.685424,64.009605,113.578608,2.623120,199.923581
18.136983,0.651966,61.997975,101.454864,2.450528,184.692865
18.666035,0.685101,69.211555,78.826490,2.565600,169.955756
18.321836,0.528722,73.468887,84.497241,2.729643,179.547142
17.991641,0.476340,68.853688,110.586172,2.743898,200.652390
18.399106,0.556388,79.145852,110.198639,2.764293,211.065007
18.136111,0.669603,92.698902,158.162414,3.703284,273.375297
19.715750,1.286673,93.577580,144.432323,3.295007,262.311830
19.386820,0.998906,84.198766,146.477779,3.526194,254.589273
19.182831,0.730211,86.174330,117.427449,3.545626,227.061167
37.734458,0.892151,87.338469,89.244630,3.867607,219.077999
24.097729,0.501579,83.245720,117.944206,3.705161,229.494985
23.000817,0.429239,86.248063,125.204708,3.827674,238.711139
38.031833,0.454264,112.711500,182.121421,4.614350,337.934331
30.100366,0.535051,88.462031,127.119325,4.513001,250.730521
26.987751,0.500218,92.724413,215.981638,5.890393,342.087781
26.699220,0.990829,103.789736,251.544817,5.361767,388.392361
24.287900,0.728137,134.784514,192.676142,5.924508,358.402415
28.004095,0.931517,107.853145,222.218194,5.720390,364.728161
38.401505,0.759178,65.126325,73.966612,2.157856,180.412107
28.569246,2.077072,59.044883,156.445739,1.863625,248.005537
24.246607,0.941688,27.560759,55.793937,0.957496,109.501040
25.805065,0.619609,35.894032,70.785891,1.071589,134.176640
24.805630,0.571503,39.061748,68.119086,1.252840,133.811509
35.573515,0.505002,46.798491,78.181906,1.447102,162.506748
29.805796,0.608343,50.703671,90.650835,1.758443,173.527613
26.023635,0.577043,56.392933,97.313378,1.870726,182.178266
25.026581,0.952823,59.966746,119.274074,2.421679,207.645168
23.239648,1.290126,54.063051,111.430543,2.417865,192.444901
22.408976,0.935846,58.497828,105.780341,2.648450,190.272226
25.080155,0.676544,52.161392,122.109852,2.535935,202.564417
22.645921,0.583450,54.853886,83.583835,2.438334,164.106123
37.802887,0.543211,63.053957,87.228214,2.664089,191.293046
28.852079,0.493316,96.385777,130.257828,3.051105,259.040994
25.082480,0.523128,66.404808,93.985397,3.026807,189.023170
23.831982,0.506035,72.601937,149.159739,3.344631,249.445263
22.490203,0.582044,67.696451,106.362481,3.186804,200.318602
22.134741,0.681380,106.223064,117.914925,3.413903,250.368797
22.162982,0.521783,78.233973,115.405852,3.547532,219.872826
21.448560,0.538021,84.713924,157.309586,3.775599,267.786448
20.713366,0.724321,88.977050,128.210529,3.992015,242.618045
20.290994,0.711537,89.662213,130.998563,4.278964,245.943086
20.111547,0.759363,83.243493,125.379787,4.225831,233.721080
19.263936,0.721180,80.784391,159.519021,4.043360,264.332865
18.718393,0.685638,79.761189,111.219089,3.952205,214.337073
18.590297,0.676918,84.488841,131.439757,26.151857,261.348406
18.873844,0.665416,82.637506,165.842996,4.528074,272.548876
18.523217,0.628319,77.095439,127.677915,4.121962,228.047660
18.329769,0.641678,82.359958,173.691877,4.906295,279.930593
17.989771,0.565369,87.301140,101.903725,4.376495,212.137844
17.842923,0.564677,82.805360,94.598845,4.383100,200.195918
17.733608,0.880909,84.865036,123.095426,4.359885,230.935582
16.950356,0.604314,76.633308,86.970404,4.246412,185.405532
17.170149,0.570211,73.890750,88.118782,4.308663,184.059392
16.935220,0.459562,70.019268,120.407039,3.450015,211.271865
16.622482,0.499538,96.972561,75.751953,4.260304,194.107551
16.208338,0.502408,67.404496,73.456515,3.807050,161.379568
17.251829,0.637103,84.862176,132.623369,4.927623,240.307798
17.417471,1.085256,73.692856,109.661143,4.481976,206.344598
16.445770,0.782021,73.257176,71.150885,3.700862,165.337466
15.595333,0.576375,65.952931,74.805454,2.804458,159.735167
21.321298,0.650741,65.019121,80.124790,2.595793,169.712306
20.193543,0.694984,77.130007,66.406867,3.077004,167.503183
18.607703,0.704857,69.923961,85.813824,4.161913,179.212998
18.352077,0.595145,91.278296,62.347177,3.080918,175.654305
18.361265,0.581632,67.366198,63.981807,3.464481,153.756168
17.682437,0.639201,78.828538,79.267670,2.454355,178.872756
17.427993,0.638165,85.908842,101.350820,2.940212,208.266666
17.251911,0.856255,74.823947,94.222663,2.353176,189.508693
16.261028,0.892061,51.986443,71.965497,1.761750,142.867305
15.917297,0.649966,41.796389,66.097306,1.781101,126.242798
15.778992,0.481642,38.976928,50.655288,1.290542,107.183993
30.691481,0.393262,31.954311,48.831635,1.036948,112.908313
33.113361,0.640286,137.905853,210.177482,9.915869,391.753644
30.319396,0.530553,108.569051,262.503562,12.051160,413.974626
28.286819,0.531063,151.444215,228.203932,9.063568,417.530360
27.278960,0.692873,115.900624,251.657275,6.390132,401.920658
26.891592,0.545463,117.255840,258.380192,9.034324,412.108082
26.797612,0.803125,141.201101,290.679532,8.401898,467.884478
26.480054,0.597995,114.512217,227.948420,7.068307,376.607674
25.290362,0.501377,96.791867,58.050376,9.882783,190.517553
25.697608,0.569644,126.000822,238.270085,8.261636,398.800866
29.184521,0.595155,101.019301,190.208029,10.128754,331.136471
33.850910,0.894754,111.959206,320.408804,8.533897,475.653313
26.814783,0.813857,109.996099,306.235442,10.415211,454.276036
26.938754,0.515234,101.391790,324.247205,13.921816,467.015521
26.060354,0.583907,144.947489,62.313384,9.477089,243.382849
27.216727,0.566777,99.098898,169.531744,9.518332,305.933247
28.471974,0.690341,108.022348,327.272734,43.121713,507.579751
54.513456,0.499770,92.728542,0.000000,0.000000,147.742569
50.288380,0.372511,111.767049,298.597374,12.907353,473.933123
50.005511,0.430584,135.876494,726.488600,26.365643,939.167612
33.144146,0.453736,113.075021,419.064309,12.255700,577.993555
32.513999,0.510195,120.380879,549.537638,13.198247,716.144323
33.591499,0.819367,119.739550,414.299463,10.398747,578.849529
32.900967,0.606687,111.178847,458.456102,13.670586,616.814042
31.619478,0.507046,150.107251,508.768592,10.042027,701.045068
39.913827,0.497694,145.413078,510.727454,16.418058,712.971450
57.068899,0.567352,79.898664,0.000000,0.000000,137.535496
50.463982,0.365423,71.369100,0.000000,0.000000,122.199053
48.979009,0.172771,103.838711,284.379997,11.920299,449.291268
50.627888,0.336790,116.461064,703.797828,17.132260,888.361369
38.918586,0.398043,113.726513,178.724411,8.862292,340.632712
67.401140,0.266578,101.453016,356.698037,16.298070,542.117840
30.410446,0.444863,117.778682,381.733842,15.477595,545.846152
28.634473,0.371091,126.121177,418.135749,10.297949,583.561347
29.871117,0.573382,118.022383,84.771539,11.825723,245.064752
31.370974,0.553495,119.893005,633.315091,18.500832,803.634034
28.978023,0.507840,121.665008,327.422711,12.392744,490.966927
31.271165,0.594504,119.411871,555.296328,18.656420,725.231060
29.332566,0.554462,129.818718,641.930696,17.540104,819.177407
46.299415,0.483768,129.790852,393.957574,12.432799,582.964976
40.601599,0.529779,128.981264,0.000000,0.000000,170.113307
36.610536,0.436491,131.489068,99.497580,20.423445,288.457755
38.667564,0.499702,134.127983,231.974645,12.497012,417.767496
38.399411,0.511525,141.313254,566.134553,13.591190,759.953652
41.404717,0.638107,150.586827,107.606345,21.166708,321.403412
41.228301,0.502377,164.724395,236.695202,12.975240,456.126166
41.699034,0.485400,133.697288,0.000000,0.000000,175.882369
44.308713,0.355398,132.537945,334.081933,14.701630,525.986194
45.668189,0.439875,0.038197,0.000000,0.000000,46.158917
43.720874,0.250133,129.173163,91.783236,47.579774,312.507970
46.688679,0.329186,133.078837,881.491840,13.081707,1074.671052
50.684530,0.471382,121.749357,628.581428,22.203277,823.690658
32.084960,0.429494,123.316927,624.386154,22.556274,802.774585
32.145534,0.665887,138.533933,542.734792,25.087425,739.168395
43.423244,1.882856,148.982796,89.906414,20.384464,304.586984
37.266156,0.608876,97.215792,216.847960,9.505513,361.444928
35.950780,0.437404,97.523906,357.870593,16.825217,508.608669
32.004293,0.510411,117.426997,409.736974,10.136352,569.815631
31.641468,0.546396,113.070488,198.837268,10.874158,354.970553
31.852972,0.608151,128.336254,91.317323,17.058530,269.173930
32.096698,0.489631,122.823597,614.818470,11.669916,781.898943
30.517020,0.744065,122.927987,549.106328,19.500085,722.796305
33.489541,0.550624,128.761754,601.818867,19.585836,784.207865
37.220175,0.601549,136.664716,417.908060,12.164228,604.559328
39.605308,0.610590,137.759320,609.262811,19.975681,807.214358
47.943021,0.563202,132.343863,217.279178,12.230260,410.360152
40.210253,0.534046,124.762463,0.000000,0.000000,165.507837
39.128806,0.368998,136.329199,77.691730,14.566361,268.085606
41.231959,0.389183,130.738520,235.014931,10.437754,417.812980
40.453457,0.552539,135.797764,895.390604,12.566422,1084.761442
29.927870,0.626669,118.570160,450.617259,18.844380,618.587017
28.437858,0.663933,116.547493,277.797033,9.855362,433.302367
27.970985,0.622481,104.076259,356.353343,9.551830,498.575494
28.182472,0.762696,106.537644,137.081386,7.996180,280.561062
31.761233,0.377353,9.029690,0.000000,0.000000,41.168725
26.658971,0.367257,113.254209,286.832971,20.211407,447.325564
27.491335,1.052676,113.163142,225.979517,14.158944,381.850898
103.153204,1.027866,154.966773,175.249876,6.324233,440.722534
35.413362,1.199662,119.784548,321.082699,19.062348,496.543478
29.049654,0.784861,106.680222,299.216562,8.930609,444.662753
25.776597,0.595355,95.526299,40.474422,5.920264,168.294033
40.268713,0.667097,102.364523,85.481339,5.751988,234.534384
30.234110,0.545806,23.646713,0.000000,0.000000,54.427422
27.608448,0.452584,99.489675,211.184622,4.665293,343.401182
28.466133,0.555285,110.060282,167.517859,13.070592,319.670885
27.607592,0.628741,107.274596,241.509128,12.797479,389.818719
23.809733,0.684669,90.632756,153.056317,12.310291,280.494443
22.616467,0.585421,89.369138,117.430169,12.014935,242.017373
21.471429,0.601555,96.408872,144.987086,12.512151,275.982410
20.832304,0.621262,95.125215,170.328362,9.208768,296.116872
21.032888,0.735391,95.888311,136.301950,5.662305,259.621687
20.431022,0.577495,89.907118,145.512331,8.638225,265.066847
19.221442,0.631188,87.719210,129.859994,4.277400,241.709978
19.755349,0.605420,90.587452,183.402217,6.289920,300.641338
19.394429,0.552264,87.202949,142.102525,4.207627,253.470276
19.933845,0.714226,90.925626,123.338878,4.419219,239.335224
22.130726,0.827630,86.368712,112.527518,4.320643,226.176041
21.464808,0.438362,114.621527,151.855402,4.942973,293.323724
20.429390,0.483596,93.223157,122.254950,6.359717,242.751541
19.375944,0.690279,87.822584,131.607868,6.216661,245.714520
18.371978,0.659423,80.666538,110.557268,5.400835,215.656793
18.522801,0.486250,76.825049,135.962505,6.514305,238.311524
19.865997,0.372601,105.410826,144.737267,7.276040,277.663651
20.166623,0.446623,87.083850,159.610748,7.740840,275.049505
20.061272,0.442285,117.778902,130.559350,4.926750,273.769160
20.048831,0.375436,83.441843,125.542009,5.014740,234.423605
21.224131,0.396589,65.289587,0.000000,0.000000,86.911074
21.636735,0.340581,77.264480,0.000000,0.000000,99.242484
22.012427,0.234023,86.875426,0.000000,0.000000,109.122373
22.543121,0.206829,114.423193,275.031326,9.234392,421.439501
24.067538,0.372593,95.299903,202.452839,9.460146,331.653857
22.881938,0.412954,144.045344,251.296343,9.729944,428.367945
22.838547,0.632088,110.510976,301.342035,8.805879,444.130667
26.251891,0.805360,93.705881,232.402795,39.845191,393.012026
36.911090,0.672604,93.220088,174.085642,5.925351,310.815499
28.907311,0.757112,75.030488,114.075980,4.784281,223.555999
24.412114,0.653443,52.168838,79.700205,3.267096,160.202457
22.355498,0.670940,46.269864,60.889364,1.231851,131.417914
20.907749,0.415334,41.838430,52.080855,1.156876,116.399731
20.385026,0.437271,47.601514,56.068897,1.287575,125.780915
19.782908,0.401914,51.351563,65.115399,1.267909,137.920397
18.981561,0.362507,47.342903,74.661624,1.541043,142.890179
18.586334,0.497321,55.208513,69.652430,1.564178,145.509341
18.017878,0.426603,59.411212,82.426336,1.811786,162.094328
17.889071,0.512449,45.162270,80.048748,1.864264,145.477310
17.356575,0.448978,49.365271,84.203112,1.912729,153.287367
17.395689,0.440952,56.384489,95.365219,2.136378,171.723375
17.096981,0.454689,56.873378,71.479401,2.329535,148.234606
17.665611,0.468096,63.190867,109.245417,2.494488,193.065050
18.742571,0.553295,67.438328,87.875618,2.851433,177.462346
18.974157,0.625604,68.981751,185.301711,3.193915,277.084796
18.784386,1.003999,66.643741,119.329261,2.945757,208.707996
17.895240,0.501729,64.791145,122.868044,3.158849,209.215815
17.019139,0.523448,70.160760,137.545567,3.701343,228.954440
17.805912,0.631249,76.370879,102.827938,3.207544,200.844396
23.851257,0.527758,76.160353,123.336506,3.155858,227.032427
21.956109,0.512229,73.205790,89.520984,3.121216,188.316882
20.191855,0.428536,76.718912,101.086455,3.303809,201.730329
19.388823,0.383650,74.806661,132.845782,3.885793,231.311635
18.837386,0.486686,72.676775,94.454579,3.388336,189.844403
18.441400,0.386896,68.124116,100.742096,3.186055,190.881202
18.003585,0.402747,73.513773,69.139402,3.037343,164.097410
30.709417,0.515035,73.311717,99.107781,2.908798,206.553457
24.788264,0.473684,68.080014,68.697905,2.749900,164.790461
22.106195,0.448271,56.416451,60.465496,2.671546,142.108695
21.493053,0.591138,61.819049,82.951541,3.168141,170.023711
19.765580,0.402144,68.990750,60.735933,2.857471,152.752812
19.780464,0.386478,69.983461,110.925328,3.045021,204.121550
19.042934,0.415679,72.344507,66.051099,3.568020,161.422880
19.004988,0.393736,72.086623,75.429403,3.171813,170.087636
18.607576,0.439065,68.365867,63.085029,2.632001,153.130129
17.892265,0.449435,70.660563,84.167781,2.969529,176.140442
18.021382,0.436721,70.926935,90.436430,2.679873,182.502353
17.368558,0.414890,68.108794,68.508238,2.786305,157.187606
17.384997,0.416645,76.527300,79.974830,3.398053,177.702543
16.757259,0.409686,99.515047,14.720133,2.862733,134.265619
16.640421,0.498843,79.715035,81.101726,3.513283,181.470111
16.636997,0.378807,73.450902,82.667699,3.179952,176.315127
16.765376,0.388720,74.794836,42.023651,2.793355,136.766684
16.758097,0.393036,73.635998,15.198079,2.938961,108.925087
17.367394,0.302513,76.416350,104.767919,3.593283,202.448499
17.483108,0.375475,75.225929,107.459995,3.944797,204.490135
17.601627,0.362051,83.265761,87.877240,3.580593,192.687875
16.510925,0.393234,73.477588,121.712576,3.443640,215.538666
16.282157,0.406283,94.915601,117.443353,3.556089,232.604521
17.390654,0.522836,79.486656,98.993020,4.860440,201.254431
17.146562,0.513712,79.878766,141.487316,3.616531,242.643672
16.482930,0.409096,72.504421,96.226416,4.037857,189.661662
16.608434,0.408487,106.509062,0.000000,0.000000,123.526853
16.796191,0.339439,82.627831,149.235581,3.616092,252.615947
17.760737,0.361105,83.394784,112.666789,3.769399,217.953607
17.518735,0.438749,84.897554,127.373691,3.773297,234.002993
16.912372,0.496569,112.199890,96.937723,4.084947,230.632418
17.047202,0.595552,85.564137,120.239414,4.406876,227.854054
16.986393,0.485279,81.146335,103.922871,3.627084,206.168892
16.631255,0.463650,82.707401,123.901274,3.662641,227.366761
16.007922,0.472860,80.316970,116.186303,4.300627,217.287636
16.268817,0.613281,118.598737,172.503175,4.737723,312.722684
16.018120,0.985279,75.567609,130.225701,3.887849,226.690601
16.302023,0.924364,69.254394,88.372936,3.404448,178.261669
16.162222,0.561185,64.890747,91.206269,3.195776,176.016810
15.406948,0.439045,64.635673,38.005028,2.788351,121.275688
15.816570,0.425535,69.668150,32.071531,2.702878,120.685292
16.254657,0.305757,68.197793,19.047503,1.931361,105.737752
16.231966,0.234274,71.654073,10.497466,2.101449,100.720427
16.238822,0.236597,74.836163,75.381147,2.734879,169.428428
16.636506,0.324167,78.793133,61.497081,2.723063,159.974650
16.292632,0.344911,81.666951,95.236769,3.375965,196.917922
16.460913,0.407345,79.222293,101.318876,3.489106,200.899305
16.867672,0.454893,82.122075,80.150153,4.170032,183.765589
16.756024,0.402346,84.456320,86.509433,3.632314,191.757228
16.389059,0.422981,81.896981,91.191652,5.088702,194.990126
16.916618,0.459028,84.287199,99.691770,5.920169,207.275646
17.180100,0.472866,84.300261,151.535321,3.216294,256.705564
16.593510,0.520928,81.247163,135.864755,3.782513,238.009754
17.047092,0.529640,79.844871,114.850937,3.414765,215.687923
16.664122,0.551141,80.456977,112.192875,4.719434,214.585966
23.179796,0.480722,95.080655,133.156939,4.008895,255.908116
20.584612,0.477714,86.063573,19.060803,26.903661,153.091159
22.380508,0.540843,80.849189,0.000000,0.000000,103.771374
23.659235,0.488005,86.664557,119.918936,3.856536,234.588118
36.782050,0.379394,68.346769,0.000000,0.000000,105.508967
30.657975,0.475918,71.929084,0.000000,0.000000,103.063683
25.064109,0.303438,94.781350,0.000000,0.000000,120.149585
23.418484,0.290513,87.127937,0.000000,0.000000,110.837667
23.005268,0.314852,102.414935,131.547856,4.396844,261.680580
27.079182,0.553932,97.260684,105.285743,4.237493,234.417925
26.168411,0.544330,95.813763,110.273892,3.833640,236.635515
24.414115,0.598011,92.771916,164.112907,7.098098,288.995864
22.023117,0.728087,82.365309,134.713188,5.061241,244.891857
18.436313,0.507188,77.283328,85.163346,4.119547,185.510368
18.004551,0.505179,77.106739,104.807439,4.167693,204.592330
18.193568,0.420477,77.771393,87.608580,4.329845,188.324688
17.493427,0.440124,83.938364,89.963683,4.156538,195.992927
19.043923,1.060263,131.684126,128.865607,4.211854,284.871243
18.490316,0.642707,89.668088,147.207053,3.780858,259.793302
18.570668,0.505810,82.183752,87.640687,3.970437,192.872073
18.008132,0.515028,75.960383,92.288106,3.754625,190.527045
17.527961,0.472995,74.884343,94.906048,4.253342,192.045459
17.306599,0.456121,78.014842,112.336601,5.859001,213.973944
18.375564,0.406302,84.475080,148.942206,3.782741,255.982982
18.674120,0.445984,70.814792,0.000000,0.000000,89.936908
19.360173,0.510996,92.020080,0.000000,0.000000,111.891753
19.467281,0.345144,77.546887,0.000000,0.000000,97.359720
23.932026,0.397295,93.511267,177.814879,5.235812,300.892047
26.267280,0.507254,6.695980,0.000000,0.000000,33.470947
23.368857,0.425935,90.005515,157.619833,4.891081,276.311855
22.428327,0.537848,81.500234,197.115035,4.629798,306.212500
22.115360,0.471677,91.106759,155.821787,31.605423,301.121751
20.967825,0.573560,89.661610,164.943216,5.040510,281.187355
21.520304,0.752816,89.284898,107.305261,5.248891,224.112851
21.506979,0.693004,84.739234,100.597993,5.270207,212.808102
20.395979,0.558244,85.576080,111.459136,5.365295,223.355614
35.840615,0.581307,80.499500,114.665903,5.776741,237.365094
29.274030,0.609844,79.370684,100.198373,5.559603,215.013333
26.623676,0.569917,62.890817,0.000000,0.000000,90.084937
24.114210,0.380122,82.743467,129.228899,5.801432,242.269051
23.968723,0.434395,86.692370,255.166937,5.833253,372.096374
23.733391,0.528408,87.993552,218.175690,6.152374,336.584075
21.953682,0.642732,88.900621,186.877164,5.977639,304.352422
21.138050,0.609210,86.573376,239.401879,6.598264,354.321715
20.942859,0.718847,84.240597,225.890610,6.029994,337.827403
19.587525,0.842266,89.956309,112.059830,5.448222,227.899322
18.850853,0.797332,93.090299,158.122898,5.738226,276.601736
19.449200,0.589117,97.259456,140.084498,4.321520,261.704575
19.371197,0.559885,92.836486,100.781130,3.855378,217.405063
19.459756,0.532368,93.232754,120.014755,3.959876,237.200320
19.394355,0.534057,92.347658,143.780738,4.676212,260.733716
19.124671,0.678970,79.148537,68.261877,3.654550,170.869544
19.041195,0.486374,87.578417,145.435612,4.274074,256.816366
19.107341,0.613883,89.456347,100.609395,3.513366,213.301043
18.598361,0.557228,91.227411,217.959939,4.634765,332.978609
18.608762,0.579819,85.288830,123.759662,4.496077,232.734059
18.221951,0.607674,86.223260,108.497949,4.053954,217.605535
18.576703,0.517604,88.150631,112.145156,3.931816,223.322479
18.834960,0.499910,84.464395,105.143039,3.940774,212.883893
18.526376,0.464000,87.713868,159.003952,4.633281,270.342041
18.209657,0.487591,27.828730,0.000000,0.000000,46.526508
17.948009,0.366890,78.309937,0.000000,0.000000,96.625472
17.918794,0.353344,79.945647,158.978473,4.086529,261.283738
18.512288,0.303209,83.129216,126.219865,4.136009,232.301494
17.892190,0.375814,81.738327,131.856461,4.312608,236.176061
17.737785,0.539959,112.302031,86.385415,4.676003,221.641899
17.209739,0.603705,83.246305,100.008501,4.106504,205.175634
17.601265,0.511795,83.633797,121.738250,4.582308,228.068039
17.562584,0.551992,85.054998,121.958211,4.605195,229.733904
17.287365,0.640394,80.975988,108.254593,4.157117,211.316077
17.110173,0.539002,81.612479,126.108433,4.032935,229.403769
50.961379,0.513073,84.823064,92.235671,4.653043,233.186974
21.219567,0.488104,80.195062,116.081606,4.073287,222.058437
20.916539,0.546729,79.528607,115.182736,4.112284,220.287527
35.317595,0.671348,86.794866,212.966351,5.040272,340.791309
28.967768,0.615055,88.609217,89.993908,4.100666,212.287306
25.758011,0.589527,90.609757,116.813609,3.887311,237.661591
24.237664,0.801551,97.146320,182.754756,4.357731,309.301937
23.967435,1.069184,87.693792,130.973673,4.602206,248.310771
22.825002,0.619689,86.879552,104.211183,4.214341,218.750402
21.379246,0.544229,84.738824,107.723559,3.877133,218.263907
21.503262,0.617583,89.990295,123.564863,4.185183,239.861772
20.639170,0.514972,119.504119,143.622669,4.184461,288.465992
20.786758,0.594076,79.408187,132.497924,7.877287,241.164966
19.925056,0.536041,80.632488,108.483486,4.919190,214.497132
19.241507,0.547515,105.278522,138.404435,4.534468,268.007041
19.075478,0.563457,84.409222,115.397440,4.146544,223.592933
18.597312,0.496998,79.864873,114.945493,3.946203,217.851552
18.255965,0.482809,86.348893,114.608751,3.964837,223.662035
18.029071,0.498338,74.856668,155.956267,3.881972,253.223066
17.842025,0.649852,75.882350,95.834816,3.645017,193.854863
17.597089,0.464278,80.773832,151.797731,4.518309,255.152297
17.161779,0.450366,81.535273,108.613706,4.807737,212.569654
17.267885,0.509328,111.224737,103.438728,3.966410,236.407738
16.985930,0.771258,81.214569,123.075016,4.175611,226.223096
16.764295,0.522716,79.713155,86.142913,3.410756,186.555270
16.626940,0.495988,80.435309,132.232852,5.354510,235.146468
16.024622,0.498414,68.503326,92.885626,3.136169,181.048868
16.098543,0.526743,71.888637,69.353843,3.176619,161.045052
15.360549,0.397700,61.552037,69.518991,2.948474,149.778551
20.907853,0.364497,61.991418,68.059796,2.420727,153.744887
19.028186,0.341232,65.462612,49.688621,2.525867,137.047222
17.870032,0.419191,66.232962,70.023941,2.103489,156.650369
17.880694,0.523885,65.010635,55.218753,2.432831,141.067386
29.475241,0.388825,54.454459,61.578761,1.803399,147.701392
24.661795,0.300621,60.803780,112.089335,2.296745,200.153075
24.108620,0.407205,57.748150,62.501014,1.936080,146.701692
21.916734,0.332840,55.736207,62.673993,2.021433,142.682210
22.430268,1.082622,69.567468,92.530531,2.681504,188.300909
22.602893,0.617153,65.410605,92.868301,2.079415,183.578974
26.381228,0.377980,68.768191,74.585551,2.230041,172.343533
23.471864,0.416126,69.444962,104.360903,2.346126,200.040638
67.605235,0.520331,77.634369,105.054588,3.102763,253.917973
28.306196,0.443570,79.819968,134.897910,3.290345,246.758775
27.659581,0.512989,81.909864,110.152948,3.407204,223.643245
26.014883,1.062687,194.441340,178.443740,3.647248,403.614389
25.000033,0.585774,79.721683,140.217476,3.951999,249.479264
70.072544,0.716281,87.742608,189.490631,4.007093,352.030041
29.482288,0.576969,115.575810,207.191578,4.611798,357.439192
40.270771,0.858483,82.561153,205.122159,4.433242,333.246673
31.332100,2.114537,95.302321,204.974501,5.284197,339.012134
30.514435,0.664023,72.089552,130.157437,4.362172,237.788319
26.184150,0.674650,105.004615,161.311300,4.313717,297.489399
34.680398,0.532701,58.386551,105.167348,3.731211,202.499061
47.055100,1.081543,161.245213,410.692758,10.767381,630.848172
36.765123,0.592979,110.975137,362.645032,11.726639,522.706103
48.017340,0.729961,123.562584,385.216169,15.568541,573.095646
36.312540,0.728309,134.553625,235.373954,12.876178,419.845411
38.034353,0.647513,122.288886,195.617027,12.952226,369.544768
33.483136,0.710131,140.121167,174.402915,16.303421,365.026546
35.130053,0.676401,132.214448,621.241587,12.530784,801.794064
48.290105,0.710239,146.484616,539.713674,13.574080,748.773426
38.765378,0.662960,233.703776,490.816241,19.902909,783.852232
38.537419,0.972521,126.016660,297.976766,15.079657,478.587454
38.607643,0.894433,127.981565,0.000000,0.000000,167.487273
44.395373,1.247383,202.110296,0.000000,0.000000,247.756836
41.396751,0.787286,108.621840,0.000000,0.000000,150.806501
45.388509,0.731780,132.893192,754.834504,21.029844,954.878850
30.870235,0.784947,112.244608,304.336337,14.598661,462.835734
26.717913,0.666711,107.001068,202.513837,12.872364,349.773018
25.061508,0.801169,72.578610,0.000000,0.000000,98.442001
