# Timestamp KF, Num CovKFs, Num KFs, Num RecentMPs, Num MPs, processKF, MPCulling, CreateMP, SearchNeigh, BA, KFCulling, [numFixKF_LBA]
0,0,1,376,376,34.078623,0.038628,0.028912,2.657652,0.047134,0.003061,0
103735900,1,2,543,518,1.647301,0.077882,18.825618,4.626645,0.043671,0.001094,0
207338100,2,3,543,656,24.776585,0.284402,51.512596,0.000192,0.000000,0.000000,0
311075200,3,4,570,814,22.038717,0.252749,69.721877,0.000107,0.000000,0.000000,0
414691700,4,5,588,928,22.932857,0.602195,52.728118,0.000101,0.000000,0.000000,0
518430200,5,6,632,1000,19.557317,0.419474,53.253067,0.000106,0.000000,0.000000,0
622044800,6,7,656,1086,18.204384,0.305500,50.926487,0.000130,0.000000,0.000000,0
725797700,7,8,609,1051,20.891510,0.540418,46.675204,0.000117,0.000000,0.000000,0
829419900,8,9,631,1185,18.316155,0.327998,65.589673,0.000164,0.000000,0.000000,0
933146700,8,10,644,1240,41.522627,0.489030,41.858378,0.000106,0.000000,0.000000,0
1036910000,7,11,637,1250,33.782375,0.553016,54.388038,0.000114,0.000000,0.000000,0
1140497000,8,12,727,1390,23.007869,0.404085,63.160265,0.000091,0.000000,0.000000,0
1244242000,8,13,745,1507,19.062205,0.360842,61.575125,0.000084,0.000000,0.000000,0
1347979000,7,14,685,1521,18.762003,0.320305,45.576340,0.000138,0.000000,0.000000,0
1451596000,7,15,701,1685,20.445145,0.292333,72.227232,0.000106,0.000000,0.000000,0
1555212000,7,16,799,1838,25.228357,0.501567,76.679796,0.000097,0.000000,0.000000,0
1658960000,8,17,753,1802,21.054429,0.492434,45.714226,0.000126,0.000000,0.000000,0
1762569000,9,18,700,1837,18.193556,0.470908,59.530476,0.000111,0.000000,0.000000,0
1866302000,9,19,779,2018,17.310029,0.333670,71.409981,0.000096,0.000000,0.000000,0
1969923000,10,20,820,2122,18.106592,0.340626,60.768677,0.000136,0.000000,0.000000,0
2073666000,11,21,813,2185,17.937471,0.409065,63.676460,0.000097,0.000000,0.000000,0
2177281000,11,22,799,2245,17.233443,0.347275,61.219606,0.000121,0.000000,0.000000,0
2281017000,11,23,806,2312,16.472096,0.333279,72.148202,0.000121,0.000000,0.000000,0
2384639000,12,24,801,2350,17.260232,0.480393,76.232178,0.000106,0.000000,0.000000,0
2488250000,10,25,847,2462,16.700808,0.524472,87.998868,0.000129,0.000000,0.000000,0
2591988000,12,26,858,2495,20.014734,0.580301,68.130944,0.000113,0.000000,0.000000,0
2695832000,13,27,779,2435,22.277530,0.599937,55.797916,0.000117,0.000000,0.000000,0
2799367000,13,28,703,2481,18.336025,0.545358,66.023985,0.000128,0.000000,0.000000,0
2903084000,15,29,707,2547,18.674992,0.542302,65.822005,0.000125,0.000000,0.000000,0
3006768000,16,30,719,2616,21.876152,0.473305,61.184662,0.000108,0.000000,0.000000,0
3110441000,12,31,685,2634,18.366236,0.450158,53.008084,0.000125,0.000000,0.000000,0
3214057000,18,32,719,2762,19.678801,0.533167,74.424729,0.000143,0.000000,0.000000,0
3317669000,12,33,784,2828,17.948748,0.413346,55.553221,0.000096,0.000000,0.000000,0
3421285000,11,34,740,2916,32.230878,0.491719,67.893737,0.000118,0.000000,0.000000,0
3524925000,11,35,751,2988,25.665518,0.401734,59.389223,0.000092,0.000000,0.000000,0
3628545000,12,36,785,3079,22.850689,0.419856,69.210353,0.000116,0.000000,0.000000,0
3732256000,13,37,813,3102,22.250013,0.440778,51.632931,0.000137,0.000000,0.000000,0
3835871000,14,38,712,3099,21.676259,0.439477,49.648682,0.000099,0.000000,0.000000,0
3939488000,14,39,629,3140,20.108093,0.369364,60.230244,0.000100,0.000000,0.000000,0
4043107000,14,40,684,3253,20.108899,0.353479,60.742237,0.000120,0.000000,0.000000,0
4146888000,15,41,740,3367,19.634185,0.377754,75.366329,0.000106,0.000000,0.000000,0
4250460000,18,42,725,3355,20.019795,0.484823,51.546484,0.000115,0.000000,0.000000,0
4354202000,18,43,673,3366,18.929989,0.389227,62.517053,0.000122,0.000000,0.000000,0
4457940000,17,44,635,3364,23.161278,0.393158,57.324082,0.000120,0.000000,0.000000,0
4561559000,19,45,609,3356,19.131083,0.402635,48.877877,0.000147,0.000000,0.000000,0
4665293000,19,46,594,3399,18.814380,0.295081,49.928556,0.000107,0.000000,0.000000,0
4768912000,19,47,625,3479,18.616177,0.353871,62.464593,0.000116,0.000000,0.000000,0
4872532000,20,48,626,3606,18.452803,0.295368,64.665168,0.000105,0.000000,0.000000,0
4976146000,21,49,598,3636,25.362516,0.488014,58.681118,0.000121,0.000000,0.000000,0
5079909000,20,50,654,3821,20.549358,0.448749,74.229594,0.000099,0.000000,0.000000,0
5183503000,16,51,810,3965,18.282261,0.400293,67.610630,0.000099,0.000000,0.000000,0
5287117000,18,52,877,4118,19.386153,0.592293,91.764625,0.000099,0.000000,0.000000,0
5390861000,19,53,947,4235,18.792932,0.631263,94.717071,0.000112,0.000000,0.000000,0
5494473000,17,54,969,4262,18.720212,0.601912,62.616714,0.000108,0.000000,0.000000,0
5598233000,16,55,853,4279,18.771708,0.620385,70.068798,0.000106,0.000000,0.000000,0
5701829000,14,56,722,4328,20.942445,0.530289,61.264217,0.000138,0.000000,0.000000,0
5805571000,14,57,801,4488,17.780886,0.409928,78.998795,0.000123,0.000000,0.000000,0
5909185000,13,58,863,4669,25.953295,1.378551,99.163357,0.000100,0.000000,0.000000,0
6012921000,16,59,888,4655,19.377569,0.583049,61.202408,0.000085,0.000000,0.000000,0
6116541000,14,60,851,4787,22.505962,0.489088,85.554727,0.000109,0.000000,0.000000,0
6220278000,12,61,842,4765,19.938025,0.492671,62.416678,0.000107,0.000000,0.000000,0
6323895000,13,62,867,4923,22.463382,0.441793,89.134349,0.000129,0.000000,0.000000,0
6427659000,13,63,851,4968,19.070877,0.477332,77.316601,0.000117,0.000000,0.000000,0
6531383000,14,64,868,5026,29.592329,0.544482,84.177474,0.000146,0.000000,0.000000,0
6634992000,13,65,822,5017,28.684211,0.674922,65.056346,0.000122,0.000000,0.000000,0
6738741000,14,66,753,5033,28.377148,0.584387,64.350733,0.000108,0.000000,0.000000,0
6842350000,15,67,648,5020,24.687958,0.403393,46.452093,0.000152,0.000000,0.000000,0
6945963000,16,68,625,5038,22.253290,0.385252,57.791813,0.000172,0.000000,0.000000,0
7049705000,17,69,661,5146,21.285209,0.321140,56.411301,0.000117,0.000000,0.000000,0
7153323000,17,70,642,5173,23.198506,0.514122,58.702753,0.000117,0.000000,0.000000,0
7256934000,16,71,608,5195,21.085561,0.459992,50.451856,0.000116,0.000000,0.000000,0
7360549000,18,72,588,5232,20.101039,0.398773,51.841625,0.000112,0.000000,0.000000,0
7464167000,18,73,588,5264,22.511350,0.369937,53.601814,0.000117,0.000000,0.000000,0
7567786000,17,74,637,5373,19.406813,0.353918,69.957405,0.000100,0.000000,0.000000,0
7671396000,16,75,574,5350,18.384187,0.320477,40.078146,0.000133,0.000000,0.000000,0
7775144000,17,76,635,5484,18.901521,0.312638,68.743425,0.000107,0.000000,0.000000,0
7878754000,21,77,594,5529,19.834179,0.247773,42.813928,0.000117,0.000000,0.000000,0
7982493000,20,78,622,5637,19.408988,0.286274,57.299686,0.000074,0.000000,0.000000,0
8086111000,19,79,671,5859,22.657139,0.393735,71.311061,0.000102,0.000000,0.000000,0
8189849000,22,80,782,6074,20.969902,0.371905,69.693232,0.000097,0.000000,0.000000,0
8293470000,22,81,812,6187,21.142671,0.415483,59.399085,0.000101,0.000000,0.000000,0
8397102000,22,82,824,6304,21.770697,0.405556,75.603716,0.000164,0.000000,0.000000,0
8500847000,22,83,768,6367,22.335155,0.433599,60.948941,0.000149,0.000000,0.000000,0
8604438000,23,84,739,6413,23.545660,0.520162,61.683137,0.000100,0.000000,0.000000,0
8708175000,21,85,705,6511,25.177064,0.445940,66.733559,0.000135,0.000000,0.000000,0
8811795000,18,86,658,6556,21.838181,0.396650,54.318392,0.000139,0.000000,0.000000,0
8915403000,16,87,704,6678,20.946531,0.368419,69.020552,0.000097,0.000000,0.000000,0
9019162000,15,88,722,6777,22.869236,0.374460,67.530353,0.000123,0.000000,0.000000,0
9122890000,16,89,820,6989,22.191143,0.402095,85.814495,0.000115,0.000000,0.000000,0
9226512000,16,90,1043,6871,24.369845,0.542784,104.080862,65.412950,0.000000,0.000000,0
9433986000,25,91,792,6939,25.139462,0.561389,64.103832,0.000135,0.000000,0.000000,0
9537749000,25,92,903,7114,23.928331,0.365295,62.645673,0.000097,0.000000,0.000000,0
9641587000,26,93,784,7241,23.023026,0.449018,73.037084,0.000142,0.000000,0.000000,0
9745342000,24,94,804,7322,23.090264,0.428379,62.837956,0.000107,0.000000,0.000000,0
9849229000,24,95,792,7397,23.737606,0.458044,71.283788,0.000092,0.000000,0.000000,0
9953059000,24,96,779,7514,23.390980,0.462298,74.196360,0.000073,0.000000,0.000000,0
10056930000,24,97,856,7725,23.423236,0.464349,88.171199,0.000097,0.000000,0.000000,0
10160830000,30,98,954,7823,24.005288,0.435466,85.506745,0.000088,0.000000,0.000000,0
10264660000,25,99,904,7819,26.800554,0.662789,71.452614,0.000118,0.000000,0.000000,0
10368670000,27,100,833,7790,23.765527,0.552025,65.265858,0.000102,0.000000,0.000000,0
10472640000,23,101,830,7547,24.541128,0.509923,84.709789,49.722204,0.000000,0.000000,0
10680620000,23,102,693,7925,22.820538,0.461652,112.777233,0.000084,0.000000,0.000000,0
10784610000,29,103,985,7645,24.349037,0.437310,61.802459,72.006570,198.680601,2.842421,69
11200570000,21,104,871,7936,20.138296,0.724104,72.912946,57.117594,0.000000,0.000000,0
11408180000,20,105,839,8258,41.596865,0.379223,40.811582,0.000053,0.000000,0.000000,0
11511920000,19,106,955,8183,31.269469,0.565109,68.102698,46.917608,0.000000,0.000000,0
11615530000,16,107,770,8402,32.528956,0.551183,51.325603,0.000115,0.000000,0.000000,0
11719270000,17,108,988,8432,29.387169,0.543011,64.362369,46.762528,30.453968,4.556744,75
11926380000,11,109,920,8368,27.744963,0.580375,71.081963,42.662865,24.059885,4.052436,81
12237100000,11,110,906,8588,25.178808,0.549866,73.266590,35.575177,0.000000,0.000000,0
12444110000,8,111,812,8754,22.073589,0.553656,74.683900,0.000093,0.000000,0.000000,0
12547670000,10,112,859,8626,20.370747,0.374202,49.458295,33.851344,19.165105,3.320738,59
12754690000,9,113,736,8792,20.959898,0.446778,61.612030,0.000133,0.000000,0.000000,0
12858060000,10,114,764,8912,19.683075,0.350977,70.425377,0.000122,0.000000,0.000000,0
12961670000,11,115,730,8947,20.207314,0.497343,61.026133,0.000108,0.000000,0.000000,0
13065200000,11,116,700,9017,20.130076,0.338632,51.683882,0.000062,0.000000,0.000000,0
13168770000,12,117,661,9016,19.040382,0.359137,53.228496,0.000123,0.000000,0.000000,0
13272350000,13,118,560,9101,18.735022,0.319999,60.111434,0.000105,0.000000,0.000000,0
13375880000,14,119,616,9113,22.542575,0.412048,50.822508,0.000135,0.000000,0.000000,0
13479500000,15,120,590,9233,22.382972,0.387055,63.710143,0.000087,0.000000,0.000000,0
13583110000,16,121,631,9281,20.912940,0.387576,56.652313,0.000139,0.000000,0.000000,0
13686720000,15,122,629,9144,21.994484,0.359704,64.523123,30.881128,0.000000,0.000000,0
13893950000,17,123,499,9212,20.988850,0.311618,43.009307,0.000098,0.000000,0.000000,0
13997670000,18,124,607,9363,19.355260,0.287742,53.010080,0.000123,0.000000,0.000000,0
14101300000,18,125,577,9378,19.171276,0.304314,36.946107,0.000098,0.000000,0.000000,0
14204920000,19,126,518,9399,19.900074,0.335108,45.680403,0.000098,0.000000,0.000000,0
14308540000,21,127,532,9530,18.489714,0.279031,57.124214,0.000096,0.000000,0.000000,0
14412270000,21,128,615,9606,19.874340,0.293064,55.115504,0.000120,0.000000,0.000000,0
14515890000,21,129,591,9674,19.903500,0.404398,58.900714,0.000130,0.000000,0.000000,0
14619680000,21,130,654,9793,18.855080,0.395536,62.427198,0.000090,0.000000,0.000000,0
14723260000,22,131,728,9962,19.941249,0.303782,74.278988,0.000108,0.000000,0.000000,0
14826860000,23,132,757,10037,21.462235,0.453398,69.742010,0.000107,0.000000,0.000000,0
14930480000,25,133,733,10127,20.940134,0.492571,77.946215,0.000114,0.000000,0.000000,0
15034100000,25,134,779,10196,21.326412,0.467729,113.823337,0.000102,0.000000,0.000000,0
15137840000,26,135,828,10057,24.886356,0.422208,105.356462,54.772271,0.000000,0.000000,0
15345080000,26,136,528,9982,23.947755,0.455540,20.704979,0.000094,0.000000,0.000000,0
15448810000,28,137,490,10082,24.037235,0.361250,47.564069,0.000110,0.000000,0.000000,0
15552550000,27,138,567,10259,20.507847,0.257238,67.552210,0.000106,0.000000,0.000000,0
15656170000,28,139,646,10387,25.067646,0.286353,65.932036,0.000085,0.000000,0.000000,0
15759900000,27,140,739,10462,23.344271,0.485020,73.023477,0.000155,0.000000,0.000000,0
15863640000,23,141,659,10481,29.833465,0.544283,41.121503,0.000116,0.000000,0.000000,0
15967390000,24,142,601,10520,27.178008,0.503282,67.320399,0.000084,0.000000,0.000000,0
16071020000,25,143,557,10555,29.247421,0.292885,34.913355,0.000075,0.000000,0.000000,0
16174740000,22,144,537,10675,25.184876,0.354570,69.246179,0.000112,0.000000,0.000000,0
16278450000,22,145,689,10988,25.337100,0.396105,96.408532,0.000108,0.000000,0.000000,0
16382090000,21,146,918,11225,24.194970,0.525372,91.247753,0.000087,0.000000,0.000000,0
16485710000,21,147,1092,11161,39.644945,0.597678,103.403375,54.604831,0.000000,0.000000,0
16693090000,16,148,822,11033,31.365249,0.588741,25.481408,0.000088,0.000000,0.000000,0
16796680000,20,149,733,11093,28.789431,0.354517,39.990034,0.000132,0.000000,0.000000,0
16900430000,15,150,676,11344,28.778053,0.380019,92.021114,0.000137,0.000000,0.000000,0
17004190000,16,151,881,11424,28.384401,0.557753,61.433897,0.000147,0.000000,0.000000,0
17107900000,18,152,793,11331,24.728273,0.601110,49.088955,0.000103,0.000000,0.000000,0
17211650000,18,153,608,11215,27.711726,0.790267,64.430153,0.000113,0.000000,0.000000,0
17315390000,18,154,587,11391,24.724407,0.484925,80.364316,0.000132,0.000000,0.000000,0
17419150000,12,155,742,11574,21.441528,0.445872,73.199475,0.000121,0.000000,0.000000,0
17522870000,20,156,846,11681,22.495307,0.502826,74.263625,0.000114,0.000000,0.000000,0
17626480000,14,157,885,11746,21.396324,0.523846,73.266410,0.000115,0.000000,0.000000,0
17730220000,11,158,824,11776,23.417440,0.514195,76.909984,0.000086,0.000000,0.000000,0
17833840000,17,159,786,11764,20.927860,0.596095,64.551605,0.000120,0.000000,0.000000,0
17937460000,20,160,710,11798,21.352405,0.425405,64.583172,0.000075,0.000000,0.000000,0
18041200000,18,161,647,11754,20.486881,0.394193,53.495230,0.000087,0.000000,0.000000,0
18144820000,17,162,625,11833,20.349591,0.303393,67.188944,0.000071,0.000000,0.000000,0
18248550000,13,163,641,11907,20.691422,0.325913,70.169053,0.000101,0.000000,0.000000,0
18352170000,18,164,694,11998,20.765887,0.270099,59.638800,0.000139,0.000000,0.000000,0
18455930000,15,165,674,12076,23.399321,0.467465,65.416593,0.000099,0.000000,0.000000,0
18559570000,12,166,685,12145,23.480275,0.454880,75.337291,0.000101,0.000000,0.000000,0
18663260000,14,167,665,12167,23.649692,0.361261,57.015108,0.000105,0.000000,0.000000,0
18766880000,16,168,611,12174,20.292222,0.392155,86.842298,0.000096,0.000000,0.000000,0
18870490000,16,169,551,12163,22.679738,0.627394,65.893440,0.000107,0.000000,0.000000,0
18974110000,20,170,484,12150,46.612829,0.944147,88.770228,0.000111,0.000000,0.000000,0
19077720000,17,171,430,12133,24.152250,0.448490,45.486630,0.000097,0.000000,0.000000,0
19181410000,19,172,450,12199,20.564178,0.309927,54.233452,0.000135,0.000000,0.000000,0
19285020000,19,173,456,12224,21.189003,0.274528,49.125969,0.000080,0.000000,0.000000,0
19388680000,24,174,538,12056,20.673307,0.276931,94.329662,61.159779,173.706722,1.422059,45
20010020000,22,175,405,12146,27.493836,0.365448,57.153464,0.000105,0.000000,0.000000,0
20217140000,23,176,529,12118,24.572685,0.188748,75.943208,42.273049,143.206344,1.129419,48
20734440000,17,177,434,12421,21.283594,0.337361,57.586133,0.000060,0.000000,0.000000,0
20837960000,14,178,582,12533,21.277449,0.253836,51.082805,30.167695,0.000000,0.000000,0
20941510000,7,179,609,12667,18.634147,0.325346,46.106295,0.000072,0.000000,0.000000,0
21045020000,4,180,729,12797,18.172336,0.328189,35.855997,32.124026,0.000000,0.000000,0
21148370000,5,181,695,12663,17.847702,0.373211,31.628912,34.785755,9.764827,1.655559,63
21355440000,5,182,708,12722,17.120282,0.350115,40.201411,31.312278,8.939414,2.709923,54
21562720000,6,183,602,12817,16.068253,0.380647,45.819608,33.855649,0.000000,0.000000,0
21666360000,7,184,515,12851,16.028387,0.263951,34.004595,0.000074,0.000000,0.000000,0
21770100000,8,185,544,12980,15.814783,0.236485,60.035153,0.000100,0.000000,0.000000,0
21873950000,9,186,615,13057,32.685947,0.210719,53.610643,0.000088,0.000000,0.000000,0
21977710000,9,187,636,13188,38.132382,0.484121,70.891099,0.000116,0.000000,0.000000,0
22081440000,9,188,665,13212,24.576567,0.411384,57.036655,0.000095,0.000000,0.000000,0
22185310000,10,189,714,13332,23.380284,0.330871,69.878090,0.000098,0.000000,0.000000,0
22289170000,9,190,627,13347,22.788302,0.389657,51.047254,0.000112,0.000000,0.000000,0
22393170000,10,191,640,13445,21.831569,0.286768,58.136035,0.000103,0.000000,0.000000,0
22497160000,11,192,610,13552,21.835875,0.280109,56.760261,0.000119,0.000000,0.000000,0
22601290000,11,193,593,13590,21.058278,0.261434,52.112861,0.000122,0.000000,0.000000,0
22705510000,12,194,671,13853,20.427308,0.232803,87.896392,0.000120,0.000000,0.000000,0
22809640000,11,195,852,14010,19.392789,0.272144,75.562483,0.000096,0.000000,0.000000,0
22913660000,12,196,727,13948,23.837077,0.615772,49.405815,0.000115,0.000000,0.000000,0
23017610000,13,197,739,14174,20.783633,0.432391,98.514621,0.000137,0.000000,0.000000,0
23121720000,14,198,996,14543,19.572731,0.334475,125.958993,0.000124,0.000000,0.000000,0
23329700000,13,199,1027,14625,23.812091,0.565198,74.346707,0.000100,0.000000,0.000000,0
23433600000,14,200,958,14631,20.643047,0.646223,92.964237,0.000164,0.000000,0.000000,0
23537560000,14,201,888,14686,20.172014,0.467815,68.088227,0.000094,0.000000,0.000000,0
23641430000,15,202,824,14647,20.674030,0.476634,65.769904,0.000081,0.000000,0.000000,0
23745190000,16,203,770,14828,20.735141,0.426334,92.043549,0.000132,0.000000,0.000000,0
23848990000,17,204,871,14891,20.867637,0.393307,62.650339,0.000131,0.000000,0.000000,0
23952650000,17,205,890,15131,26.037996,0.625189,89.753284,0.000090,0.000000,0.000000,0
24056420000,17,206,916,15208,23.528986,0.645005,73.031568,0.000097,0.000000,0.000000,0
24160010000,16,207,948,15358,22.069325,0.443214,82.428361,0.000084,0.000000,0.000000,0
24263960000,18,208,971,15431,24.246786,0.429904,81.070915,0.000075,0.000000,0.000000,0
24367270000,21,209,889,15473,23.052633,0.438518,66.716963,0.000072,0.000000,0.000000,0
24471000000,19,210,766,15399,23.302560,0.452744,57.358414,0.000128,0.000000,0.000000,0
24574560000,23,211,697,15425,23.056467,0.406022,65.690163,0.000107,0.000000,0.000000,0
24678100000,23,212,708,15485,24.315511,0.552606,72.857172,0.000098,0.000000,0.000000,0
24781830000,23,213,740,15592,23.131001,0.468494,81.157895,0.000107,0.000000,0.000000,0
24885470000,23,214,661,15555,24.684095,0.586469,54.055821,0.000107,0.000000,0.000000,0
24989130000,22,215,658,15612,24.566435,0.556423,84.641209,0.000110,0.000000,0.000000,0
25092670000,22,216,723,15736,23.614420,0.537220,83.573217,0.000127,0.000000,0.000000,0
25196320000,24,217,645,15675,23.104055,0.540243,46.313533,0.000130,0.000000,0.000000,0
25299900000,28,218,560,15615,22.241655,0.410914,57.264905,0.000114,0.000000,0.000000,0
25403640000,25,219,613,15740,20.966292,0.372668,92.268486,0.000106,0.000000,0.000000,0
25507250000,27,220,638,15817,20.524839,0.329570,50.697962,0.000129,0.000000,0.000000,0
25610880000,27,221,609,15837,20.301541,0.354896,53.719675,0.000098,0.000000,0.000000,0
25714630000,26,222,603,15878,24.257534,0.447412,50.807029,0.000132,0.000000,0.000000,0
25818220000,28,223,547,15841,21.172657,0.460899,38.243148,0.000097,0.000000,0.000000,0
25921980000,27,224,442,15766,19.029298,0.395058,31.385442,0.000101,0.000000,0.000000,0
26025680000,29,225,408,15793,19.014285,0.326135,43.465953,0.000100,0.000000,0.000000,0
26129230000,31,226,611,16200,19.236104,0.294089,119.290782,0.000108,0.000000,0.000000,0
26232990000,32,227,829,16343,20.261234,0.318004,57.267991,0.000127,0.000000,0.000000,0
26336550000,33,228,896,16390,25.254062,0.485231,86.861788,0.000106,0.000000,0.000000,0
26440340000,34,229,721,16282,23.850413,0.671706,50.672170,0.000096,0.000000,0.000000,0
26544050000,32,230,544,16248,22.981507,0.530861,59.279056,0.000094,0.000000,0.000000,0
26647670000,34,231,603,16409,20.404678,0.371556,77.627420,0.000121,0.000000,0.000000,0
26751260000,35,232,648,16481,20.512387,0.383173,64.174341,0.000115,0.000000,0.000000,0
26854880000,36,233,708,16576,20.354736,0.548437,89.793585,0.000130,0.000000,0.000000,0
26958500000,32,234,765,16695,20.104016,0.453777,80.745765,0.000087,0.000000,0.000000,0
27062230000,35,235,791,16820,19.849869,0.407318,83.580744,0.000108,0.000000,0.000000,0
27165870000,33,236,778,16947,18.459047,0.531423,91.140421,0.000141,0.000000,0.000000,0
27269470000,35,237,713,16991,19.121459,0.434710,74.801310,0.000091,0.000000,0.000000,0
27373230000,34,238,738,17094,17.629340,0.384764,75.837340,0.000076,0.000000,0.000000,0
27476870000,33,239,881,17116,18.163338,0.395320,49.769708,0.000122,0.000000,0.000000,0
27580440000,29,240,833,17097,18.352345,0.399363,46.612461,0.000095,0.000000,0.000000,0
27684070000,17,241,778,17113,17.244628,0.435349,62.512944,0.000111,0.000000,0.000000,0
27787700000,16,242,767,17172,17.549456,0.347958,48.429830,0.000112,0.000000,0.000000,0
27891280000,16,243,752,17199,17.387572,0.407345,65.450939,0.000093,0.000000,0.000000,0
27995100000,20,244,697,17300,17.659831,0.377894,79.007592,0.000095,0.000000,0.000000,0
28098650000,19,245,896,17525,19.657009,0.646866,110.627349,0.000118,0.000000,0.000000,0
28202280000,23,246,1112,17779,19.035913,0.495411,100.691270,0.000098,0.000000,0.000000,0
28305870000,24,247,1070,17786,19.802410,0.635119,92.891652,0.000083,0.000000,0.000000,0
28409630000,19,248,1018,17858,21.564184,0.751580,99.311883,0.000117,0.000000,0.000000,0
28513230000,17,249,970,17931,19.848834,0.623422,75.158857,0.000086,0.000000,0.000000,0
28616840000,18,250,943,18056,20.202708,0.526148,91.475704,0.000085,0.000000,0.000000,0
28722280000,20,251,927,18098,20.027745,0.487662,77.820376,0.000122,0.000000,0.000000,0
28824220000,18,252,863,18136,20.013125,0.510963,71.291567,0.000099,0.000000,0.000000,0
28927940000,21,253,894,18268,20.015194,0.422674,98.287469,0.000076,0.000000,0.000000,0
29031560000,20,254,923,18363,19.917657,0.449341,80.624715,0.000069,0.000000,0.000000,0
29135300000,22,255,847,18411,20.446350,0.476528,76.714300,0.000108,0.000000,0.000000,0
29238910000,18,256,875,18508,23.892318,0.783665,84.792810,0.000122,0.000000,0.000000,0
29342530000,20,257,858,18525,19.936840,0.596322,69.433216,0.000108,0.000000,0.000000,0
29446140000,21,258,791,18527,19.006674,0.501635,82.812646,0.000114,0.000000,0.000000,0
29549760000,18,259,726,18475,18.769919,0.508680,68.426926,0.000123,0.000000,0.000000,0
29653420000,17,260,627,18470,20.752651,0.479304,58.687388,0.000065,0.000000,0.000000,0
29757120000,15,261,602,18552,16.938339,0.445658,81.138940,0.000118,0.000000,0.000000,0
29860880000,17,262,696,18748,18.076840,0.312753,90.086486,0.000133,0.000000,0.000000,0
29964620000,14,263,764,18823,25.813712,0.965821,87.841601,0.000130,0.000000,0.000000,0
30068210000,17,264,793,18967,19.589492,0.521740,89.492606,0.000101,0.000000,0.000000,0
30172000000,14,265,845,19066,18.183858,0.421981,81.000489,0.000080,0.000000,0.000000,0
30275700000,12,266,889,19226,18.703113,0.425649,96.714078,0.000107,0.000000,0.000000,0
30379310000,13,267,973,19371,22.404613,0.441754,94.111253,0.000135,0.000000,0.000000,0
30483050000,14,268,1000,19464,19.855114,0.456453,92.018183,0.000090,0.000000,0.000000,0
30586670000,9,269,912,19468,25.217781,0.500607,73.736977,0.000095,0.000000,0.000000,0
30690400000,11,270,841,19521,25.560096,0.505891,87.369417,0.000128,0.000000,0.000000,0
30794050000,9,271,932,19695,21.137190,0.407276,93.308168,0.000100,0.000000,0.000000,0
30897640000,9,272,967,19781,48.378165,1.744900,111.959700,0.000154,0.000000,0.000000,0
31001380000,7,273,877,19725,31.105954,0.592662,65.169641,0.000100,0.000000,0.000000,0
31105010000,8,274,892,19794,26.493306,0.533134,101.086072,0.000108,0.000000,0.000000,0
31208610000,8,275,851,19760,23.442064,0.430884,50.177263,0.000125,0.000000,0.000000,0
31312350000,5,276,698,19660,22.004307,0.781833,69.431562,0.000154,0.000000,0.000000,0
31416200000,6,277,618,19671,26.157942,0.601818,67.008459,0.000114,0.000000,0.000000,0
31520060000,7,278,690,19771,21.449002,0.356687,75.241218,0.000127,0.000000,0.000000,0
31623420000,7,279,707,19850,20.192301,0.419480,60.314511,0.000128,0.000000,0.000000,0
31726940000,7,280,670,19879,19.815700,0.331568,68.852631,0.000090,0.000000,0.000000,0
31830690000,8,281,684,19970,18.959092,0.376307,70.066013,0.000102,0.000000,0.000000,0
31934300000,9,282,716,19996,18.511840,0.407561,65.188863,0.000134,0.000000,0.000000,0
32038040000,7,283,692,20040,18.699498,0.501837,65.053748,0.000072,0.000000,0.000000,0
32141650000,9,284,677,20101,19.664875,0.500575,76.218078,0.000098,0.000000,0.000000,0
32245260000,8,285,770,20255,20.129127,0.343342,84.365383,0.000121,0.000000,0.000000,0
32348880000,8,286,844,20366,17.809628,0.386833,80.665867,0.000100,0.000000,0.000000,0
32452660000,9,287,894,20426,17.733577,0.444677,92.291047,0.000070,0.000000,0.000000,0
32556240000,11,288,791,20403,18.098950,0.453724,74.836262,0.000174,0.000000,0.000000,0
32659980000,9,289,770,20446,20.239809,0.472735,99.961543,0.000100,0.000000,0.000000,0
32763730000,9,290,766,20484,18.123885,0.451782,65.538583,0.000086,0.000000,0.000000,0
32867470000,9,291,712,20514,18.740559,0.539173,71.999903,0.000100,0.000000,0.000000,0
32971200000,10,292,739,20644,16.867399,0.424506,84.242769,0.000123,0.000000,0.000000,0
33074830000,8,293,881,20830,19.529064,0.600508,103.891959,0.000086,0.000000,0.000000,0
33178560000,9,294,890,20853,17.360231,0.520750,69.440229,0.000083,0.000000,0.000000,0
33282310000,7,295,807,20848,17.056190,0.601922,80.566249,0.000112,0.000000,0.000000,0
33386030000,6,296,872,20981,16.535869,0.430863,87.992315,0.000071,0.000000,0.000000,0
33489780000,6,297,932,21078,19.809414,0.724550,100.809788,0.000116,0.000000,0.000000,0
33593560000,6,298,772,20976,17.517547,0.577334,48.803088,0.000107,0.000000,0.000000,0
33697130000,7,299,709,20985,16.709702,0.488124,75.857771,0.000091,0.000000,0.000000,0
33800870000,6,300,796,21144,15.805672,0.336501,76.563383,0.000109,0.000000,0.000000,0
33904610000,6,301,873,21264,16.270190,0.410738,91.847856,0.000096,0.000000,0.000000,0
34008350000,7,302,871,21426,16.484133,0.445804,93.160321,0.000129,0.000000,0.000000,0
34112090000,8,303,1010,21613,16.659218,0.518270,103.243462,0.000086,0.000000,0.000000,0
34215840000,9,304,1203,22004,16.836862,0.467001,134.734251,0.000105,0.000000,0.000000,0
34319570000,6,305,1429,22073,16.982505,0.661501,109.777906,0.000138,0.000000,0.000000,0
34423340000,7,306,1237,21984,21.218191,1.158153,90.339753,0.000091,0.000000,0.000000,0
34526940000,7,307,1039,21921,18.823879,0.752376,92.244538,0.000132,0.000000,0.000000,0
34630670000,8,308,979,22060,17.231054,0.543952,98.636527,0.000111,0.000000,0.000000,0
34734300000,9,309,1095,22237,17.810940,0.512028,102.361236,0.000092,0.000000,0.000000,0
34837900000,9,310,1136,22353,17.891416,0.567419,96.779038,0.000122,0.000000,0.000000,0
34941520000,9,311,1142,22429,20.863414,1.011747,111.134221,0.000107,0.000000,0.000000,0
35045260000,9,312,1143,22511,18.601001,0.743701,96.067122,0.000154,0.000000,0.000000,0
35148870000,10,313,1092,22511,17.843639,0.687954,91.307515,0.000107,0.000000,0.000000,0
35252510000,11,314,1016,22545,18.543469,0.625990,91.085623,0.000119,0.000000,0.000000,0
35356230000,12,315,1009,22595,18.977719,0.874591,103.943654,0.000090,0.000000,0.000000,0
35459850000,10,316,1031,22621,17.285210,0.658333,78.156355,0.000101,0.000000,0.000000,0
35563620000,12,317,907,22573,17.402365,0.624996,75.580686,0.000107,0.000000,0.000000,0
35667200000,13,318,883,22626,17.155108,0.504773,77.046229,0.000081,0.000000,0.000000,0
35770940000,11,319,886,22683,16.016971,0.419857,77.148559,0.000120,0.000000,0.000000,0
35874680000,15,320,836,22706,19.416335,0.723420,79.641637,0.000101,0.000000,0.000000,0
35978300000,13,321,747,22658,17.262537,0.618141,66.609224,0.000090,0.000000,0.000000,0
36082080000,16,322,787,22753,16.559377,0.402050,81.916161,0.000084,0.000000,0.000000,0
36185780000,18,323,853,22867,16.932508,0.390615,84.471528,0.000090,0.000000,0.000000,0
36289500000,13,324,803,22875,16.396511,0.445571,64.211130,0.000105,0.000000,0.000000,0
36393220000,19,325,690,22816,15.995444,0.510595,61.548531,0.000098,0.000000,0.000000,0
36496880000,20,326,744,22986,20.279686,0.416528,91.461935,0.000091,0.000000,0.000000,0
36600490000,15,327,898,23072,17.958373,0.430386,91.318885,0.000114,0.000000,0.000000,0
36704360000,20,328,833,23059,18.255011,0.572653,74.525037,0.000121,0.000000,0.000000,0
36807990000,13,329,682,22932,18.759687,0.628722,46.355499,0.000087,0.000000,0.000000,0
36911770000,13,330,591,23041,19.555415,0.419287,77.814636,0.000102,0.000000,0.000000,0
37015480000,11,331,670,23205,17.140053,0.356969,78.041287,0.000105,0.000000,0.000000,0
37119060000,16,332,654,23220,18.332989,0.341873,49.656633,0.000104,0.000000,0.000000,0
37222810000,22,333,727,23483,19.782999,0.568050,135.214825,0.000146,0.000000,0.000000,0
37326430000,17,334,948,23684,24.170936,0.771247,101.748686,0.000091,0.000000,0.000000,0
37430160000,15,335,906,23673,19.852520,0.628956,91.304635,0.000072,0.000000,0.000000,0
37533780000,16,336,772,23604,25.736308,1.088005,70.064985,0.000096,0.000000,0.000000,0
37637390000,18,337,690,23653,21.731680,0.515636,85.417053,0.000091,0.000000,0.000000,0
37741030000,14,338,628,23664,18.942486,0.506504,43.017466,0.000124,0.000000,0.000000,0
37844750000,15,339,653,23778,19.345929,0.466518,80.985450,0.000134,0.000000,0.000000,0
37948360000,15,340,836,24041,18.610426,0.364421,94.688497,0.000091,0.000000,0.000000,0
38052310000,16,341,888,24125,21.805177,0.658101,91.780262,0.000107,0.000000,0.000000,0
38155720000,17,342,754,24116,25.544688,0.614817,54.898602,0.000108,0.000000,0.000000,0
38259670000,19,343,802,24247,25.655281,0.582406,89.381085,0.000151,0.000000,0.000000,0
38362940000,18,344,1141,24733,23.484937,0.521602,186.000842,0.000116,0.000000,0.000000,0
38570230000,19,345,1267,24634,32.016371,0.687685,112.870331,59.353009,0.000000,0.000000,0
38777460000,22,346,931,24546,35.543799,0.705643,56.586515,0.000084,0.000000,0.000000,0
38881060000,23,347,907,24556,41.464105,0.763309,56.179909,0.000101,0.000000,0.000000,0
38984720000,24,348,861,24717,29.236671,0.602340,90.171607,0.000095,0.000000,0.000000,0
39088300000,25,349,956,24870,29.521731,0.594175,89.885353,0.000095,0.000000,0.000000,0
39192020000,22,350,956,24970,24.825759,0.621683,83.684961,0.000113,0.000000,0.000000,0
39295720000,22,351,937,25004,24.237166,0.566905,93.595351,0.000090,0.000000,0.000000,0
39399320000,25,352,836,24997,25.231799,0.577643,72.088412,0.000089,0.000000,0.000000,0
39502980000,27,353,917,24936,27.382088,0.823702,147.146959,60.412671,0.000000,0.000000,0
39710390000,24,354,756,25024,23.386940,0.606540,67.561556,0.000105,0.000000,0.000000,0
39814160000,21,355,960,25251,21.692704,0.371071,91.323295,0.000094,0.000000,0.000000,0
39917810000,24,356,927,25419,23.873301,0.499723,90.279055,0.000117,0.000000,0.000000,0
40021440000,22,357,973,25352,23.523916,0.541017,95.808529,46.485996,0.000000,0.000000,0
40228960000,19,358,816,25443,27.029202,0.444373,68.639508,0.000108,0.000000,0.000000,0
40332560000,24,359,995,25478,26.188970,0.410293,102.797655,46.382875,0.000000,0.000000,0
40540000000,18,360,750,25550,36.957284,0.643342,59.444446,0.000095,0.000000,0.000000,0
40643620000,21,361,758,25532,29.664451,0.399664,63.665991,0.000078,0.000000,0.000000,0
40747350000,23,362,635,25497,31.810178,0.414013,52.948220,0.000111,0.000000,0.000000,0
40850980000,21,363,551,25462,25.116033,0.411797,54.471795,0.000086,0.000000,0.000000,0
40954720000,24,364,589,25607,24.573937,0.359942,93.576612,0.000113,0.000000,0.000000,0
41058450000,26,365,789,25766,23.749603,0.292706,95.582558,0.000136,0.000000,0.000000,0
41265810000,25,366,751,25872,23.777917,0.344478,68.470061,0.000081,0.000000,0.000000,0
41370360000,21,367,682,25908,22.743606,0.408470,86.920689,0.000064,0.000000,0.000000,0
41473270000,28,368,691,26003,23.773483,0.279407,57.422405,0.000116,0.000000,0.000000,0
41576790000,24,369,640,25976,23.134919,0.387395,67.925872,0.000145,0.000000,0.000000,0
41680520000,26,370,601,26001,24.236451,0.371270,51.259844,0.000073,0.000000,0.000000,0
41784260000,20,371,682,26166,23.541522,0.320366,110.254246,0.000081,0.000000,0.000000,0
41991400000,27,372,689,26249,25.952640,0.306736,58.408554,0.000082,0.000000,0.000000,0
42094800000,21,373,585,26221,29.985924,0.534597,55.340041,0.000114,0.000000,0.000000,0
42198260000,28,374,546,26356,26.342471,0.336723,74.575722,0.000113,0.000000,0.000000,0
42301840000,30,375,588,26470,28.145929,0.305593,73.813186,0.000110,0.000000,0.000000,0
42405330000,31,376,602,26528,26.507571,0.341549,67.354796,0.000140,0.000000,0.000000,0
42508850000,28,377,595,26531,26.757438,0.393383,56.099637,0.000120,0.000000,0.000000,0
42612350000,29,378,588,26683,27.087839,0.331192,96.060443,0.000090,0.000000,0.000000,0
42715820000,23,379,758,26968,26.486988,0.345378,118.998295,0.000100,0.000000,0.000000,0
42922650000,21,380,921,27151,23.908847,0.456587,95.262973,0.000113,0.000000,0.000000,0
43026190000,33,381,987,26657,25.300103,0.576424,95.715694,77.619789