# ORB_Ext(ms), Stereo matching(ms), Preintegrate_IMU(ms), Pose pred(ms), LocalMap_track(ms), NewKF_dec(ms)
319.157175,13.793812,0.000000,0.000000,0.000000,0.000000,61.363589
8.391783,14.027803,0.000000,26.228535,5.045379,0.053755,49.474305
11.670429,12.938199,0.000000,2.930257,4.138953,0.041931,21.467880
8.081242,12.864668,0.000000,2.853268,3.359098,0.055781,37.736892
7.909407,12.865106,0.000000,2.616226,4.534603,0.041863,53.612106
9.299768,13.169462,0.000000,3.991516,5.778095,0.038050,50.702828
7.894754,12.507560,0.000000,3.341020,5.229079,0.036141,41.933503
7.938574,12.653704,0.000000,2.807817,5.903080,0.035855,41.898344
7.600998,13.073909,0.000000,3.242550,5.780068,0.055688,44.065717
7.740082,12.340851,0.000000,2.650541,5.982902,0.055581,49.654196
7.634187,16.507848,0.000000,4.065855,9.031069,0.050636,52.480379
10.730879,13.755953,0.000000,4.460071,7.374969,0.050647,56.417346
8.331978,12.621616,0.000000,3.570781,6.343582,0.064893,46.002712
7.802331,12.671916,0.000000,3.705409,7.824434,0.040310,48.441246
8.634986,12.635601,0.000000,3.688250,8.713878,0.056315,53.306248
7.442652,13.634839,0.000000,3.485072,7.606994,0.054024,52.879198
7.941528,14.295377,0.000000,4.958497,9.471710,0.053905,61.883821
9.471023,13.714590,0.000000,4.322272,11.351196,0.042023,53.804770
7.218253,13.477530,0.000000,4.281471,8.595902,0.060345,49.554491
7.207563,12.887300,0.000000,3.680787,9.849559,0.056126,53.884399
7.156168,12.970385,0.000000,4.404037,9.730636,0.053976,51.459161
7.612254,12.495851,0.000000,4.530367,10.329310,0.056072,53.170768
7.165108,12.452162,0.000000,3.624143,9.765425,0.053671,53.084278
6.965683,13.249510,0.000000,3.648307,9.627454,0.043051,58.407014
7.764726,13.667438,0.000000,4.650203,12.301754,0.064264,66.628412
7.947903,13.310380,0.000000,4.460589,11.875046,0.068449,71.305986
7.763344,13.870465,0.000000,4.518440,12.609480,0.069690,57.007861
7.792866,13.949852,0.000000,4.730665,13.526010,0.068380,53.242840
7.565605,13.110631,0.000000,4.004933,11.210222,0.053513,54.465335
7.181146,14.675061,0.000000,3.902516,11.634504,0.067465,53.481131
7.194812,13.860013,0.000000,4.249239,11.171304,0.052659,48.476907
7.600293,13.278573,0.000000,4.169407,10.727074,0.051419,49.853395
7.665106,13.801767,0.000000,4.360349,10.616701,0.063576,56.615135
9.016352,12.715846,0.000000,3.958149,11.827901,0.055359,50.103774
7.688716,13.000740,0.000000,4.200123,11.900091,0.047568,62.417374
8.892370,13.737657,0.000000,3.884582,12.828139,0.051047,61.774888
7.202514,13.711536,0.000000,3.757429,12.233549,0.050407,57.550149
7.230177,13.622435,0.000000,4.181563,12.230610,0.050082,45.283792
6.901946,13.741109,0.000000,4.118546,11.627366,0.052635,47.592111
7.160729,13.651469,0.000000,3.607515,12.008131,0.050256,53.218528
7.459267,13.298302,0.000000,3.641587,12.894215,0.052845,50.856167
6.966048,14.597422,0.000000,4.298560,16.259396,0.064818,63.207392
6.928442,13.397003,0.000000,4.020608,13.545326,0.052635,46.653468
7.446535,12.795473,0.000000,3.459659,11.654379,0.045992,44.915939
7.251519,13.557360,0.000000,5.034488,14.755207,0.061212,54.922950
7.186063,13.221056,0.000000,3.705240,13.376948,0.055269,37.695500
7.565289,13.170359,0.000000,3.494973,12.045971,0.054811,37.072682
6.987382,12.999976,0.000000,3.221182,12.960262,0.046080,38.688641
11.945318,13.187443,0.000000,2.993963,14.922605,0.040801,53.789877
10.545786,13.761721,0.000000,3.815110,15.001484,0.048453,63.417215
7.554073,13.987924,0.000000,3.304618,12.411140,0.048416,71.035073
7.336046,14.020970,0.000000,3.770973,14.099950,0.063601,58.531971
7.221951,14.093988,0.000000,4.408552,15.857754,0.070983,82.691059
7.522166,14.999144,0.000000,4.629951,17.706221,0.104199,81.813624
7.510868,14.009032,0.000000,4.799327,15.395642,0.079559,53.284075
7.013320,13.543805,0.000000,4.142220,16.348990,0.054811,54.544683
7.569482,13.235435,0.000000,3.519463,12.890327,0.051321,62.270687
7.409125,13.852427,0.000000,3.604726,14.588673,0.053690,60.264991
11.830619,14.391640,0.000000,4.155185,27.242775,0.064646,92.365816
7.615201,13.203709,0.000000,4.278804,15.251896,0.059535,50.897340
7.944130,13.959822,0.000000,4.114241,14.776046,0.056871,75.728539
7.756457,13.554514,0.000000,4.403607,15.911576,0.065364,53.535272
8.804796,13.869484,0.000000,4.344070,29.165180,0.060627,82.738239
7.079897,13.648245,0.000000,4.396806,18.617856,0.064524,69.352432
7.301271,14.108439,0.000000,5.383002,22.940893,0.082419,73.333704
9.076331,14.701786,0.000000,5.494249,18.523004,0.081062,64.751233
8.210684,13.587285,0.000000,4.817491,15.928660,0.051770,52.695253
9.082569,13.964103,0.000000,4.105588,15.563727,0.044960,56.758365
7.620767,13.405292,0.000000,3.481238,13.805494,0.056453,43.403431
9.432153,13.400247,0.000000,3.217462,13.510823,0.055699,47.470134
7.765966,14.034694,0.000000,3.705296,15.362064,0.059340,48.021371
7.746502,13.488861,0.000000,3.188194,15.949148,0.042230,43.246935
8.021392,12.965668,0.000000,3.060664,15.428311,0.041531,44.764996
7.923951,13.589544,0.000000,4.077470,17.918399,0.060701,46.400907
8.279026,14.059653,0.000000,3.380065,13.489697,0.054244,44.827537
11.888633,13.864448,0.000000,3.779939,14.612241,0.046804,42.615090
7.138363,13.572548,0.000000,3.250140,15.010993,0.046642,39.086264
12.067562,14.080323,0.000000,3.743378,16.176644,0.067386,46.322166
7.291032,13.376776,0.000000,3.735544,17.058769,0.058570,46.524651
7.439715,14.041304,0.000000,4.290117,18.227425,0.066343,67.564402
7.523978,14.253708,0.000000,4.062544,17.433760,0.061669,59.067181
7.435935,14.142607,0.000000,4.851260,18.253244,0.068608,59.680653
7.732873,14.184994,0.000000,4.934030,20.119059,0.070866,57.298951
7.196768,14.471862,0.000000,5.429654,19.920889,0.066361,62.476504
7.154331,14.774544,0.000000,6.021330,21.683354,0.089404,56.723615
7.924151,14.402696,0.000000,5.462937,19.889988,0.065772,57.303786
7.763314,14.710030,0.000000,4.862689,20.241021,0.063076,52.339553
7.480888,14.419586,0.000000,4.799382,20.705453,0.071455,48.447720
7.486547,14.476455,0.000000,5.341788,23.178376,0.061781,70.559593
7.991425,14.318404,0.000000,5.253129,21.276227,0.070279,73.237500
7.157707,14.211711,0.000000,6.533482,24.887573,0.089243,33.558798
9.564290,13.104853,0.000000,5.315230,26.052856,0.072204,61.389568
7.573480,15.414232,0.000000,9.078033,27.167343,0.094623,88.193585
7.838511,14.167023,0.000000,6.311943,24.807741,0.078905,64.088978
7.560800,13.815294,0.000000,5.947801,21.709055,0.064935,66.394365
7.513120,14.275693,0.000000,6.305860,21.678491,0.071762,56.207510
7.841676,13.508936,0.000000,5.719983,22.343111,0.067712,65.765841
7.302468,13.545887,0.000000,5.589876,21.876445,0.063504,69.882463
7.637749,13.924918,0.000000,5.948922,24.603140,0.079487,84.598337
7.927225,14.353469,0.000000,6.342002,22.242933,0.081821,78.276870
7.630956,14.104483,0.000000,6.509313,22.013001,0.075062,72.033615
7.419534,14.205518,0.000000,5.862279,23.021009,0.065548,61.037684
7.137445,14.161154,0.000000,5.553317,20.672697,0.069685,27.877523
10.396527,13.843317,0.000000,4.962503,21.008768,0.135185,45.525111
7.232201,14.470040,0.000000,5.816301,23.252642,0.077700,128.831272
6.835615,14.367010,0.000000,6.787158,22.381339,0.086985,31.141240
9.166844,13.085706,0.000000,5.455295,18.257090,0.169958,26.193817
7.183327,13.030978,0.000000,4.735882,29.240366,0.081914,36.384339
7.810428,13.589401,0.000000,4.397712,16.044748,0.091158,76.908238
7.511258,14.280968,0.000000,5.944883,19.461721,0.089956,36.320058
11.629232,13.508276,0.000000,4.645877,16.933660,0.075931,62.492411
8.841990,14.422297,0.000000,5.722228,17.810563,0.090143,92.750712
7.650964,14.280492,0.000000,7.357151,16.116811,0.153045,71.451101
7.501506,14.128001,0.000000,7.608056,17.446042,0.144120,89.815295
7.509025,13.482687,0.000000,7.254542,16.030171,0.078988,24.636717
9.843718,12.616324,0.000000,4.199765,15.521913,0.187118,70.334636
7.515242,13.289105,0.000000,6.669593,17.942379,0.135364,25.948144
9.545802,11.553466,0.000000,4.110964,14.379033,0.084878,19.660341
7.704790,11.422347,0.000000,3.794381,12.686371,0.091208,50.814101
8.170184,12.448492,0.000000,5.278176,10.177157,0.059348,16.552410
10.529341,12.032779,0.000000,3.217661,11.594651,0.073961,51.334701
8.546700,13.439341,0.000000,4.673043,11.042962,0.058475,74.478889
8.231549,11.928647,0.000000,4.956550,11.211754,0.062939,17.279836
8.359654,10.470225,0.000000,3.705343,9.837669,0.071858,44.159502
8.252044,11.492153,0.000000,4.337887,9.565453,0.051599,59.189612
8.098112,12.248810,0.000000,4.683207,11.972160,0.061504,64.008033
8.289022,10.939701,0.000000,4.498781,10.999871,0.059213,51.544888
8.494521,11.137558,0.000000,4.409905,9.732157,0.059895,47.402823
8.475282,10.734157,0.000000,4.147655,9.957990,0.053747,41.128283
8.159453,11.202722,0.000000,3.719592,9.459140,0.053055,53.575665
8.175371,11.745145,0.000000,4.009274,10.468679,0.075722,45.104688
8.003390,11.606578,0.000000,4.750716,10.069752,0.057792,60.509173
8.390990,11.838285,0.000000,4.595352,10.497690,0.063978,50.258303
8.267992,11.567596,0.000000,5.064264,10.804800,0.058439,16.913973
9.644271,10.607849,0.000000,3.319793,10.288798,0.079098,28.203448
7.493164,10.305676,0.000000,3.535774,10.248790,0.080720,51.969953
8.173162,11.163242,0.000000,3.513639,10.056290,0.052971,43.977525
7.753212,11.114619,0.000000,3.538470,10.922375,0.049559,31.322294
7.727450,10.790377,0.000000,3.283847,10.249446,0.047086,40.841122
7.615664,10.616523,0.000000,3.096434,10.677117,0.053068,51.593392
7.510440,12.276390,0.000000,4.040028,13.688825,0.069920,47.873450
7.221044,11.897393,0.000000,4.109548,12.012945,0.067457,51.136500
7.506064,13.166029,0.000000,3.980516,12.750888,0.056517,54.178123
7.079849,14.539179,0.000000,5.049019,14.970801,0.074328,63.033187
6.943234,14.504634,0.000000,5.659572,14.754074,0.073570,62.486449
7.404500,14.855173,0.000000,5.224434,14.175011,0.081988,67.483359
7.210033,15.376930,0.000000,5.254545,74.215401,0.092924,108.372163
7.593815,18.106888,0.000000,4.913383,18.431349,0.054197,25.645619
7.665221,13.997419,0.000000,5.273528,19.439998,0.067483,45.138816
6.788682,14.692826,0.000000,4.354957,13.970614,0.074495,38.350204
7.174973,17.129400,0.000000,3.679577,17.997545,0.077546,58.981772
8.439506,15.083984,0.000000,4.469211,13.885053,0.048813,51.940205
12.623285,16.928887,0.000000,4.556290,15.081061,0.047294,70.324583
7.809694,14.815801,0.000000,4.137209,14.755907,0.048655,44.451409
14.599848,14.409677,0.000000,4.371139,17.468195,0.121603,56.874006
7.947270,14.799564,0.000000,4.949401,14.678878,0.064109,55.277371
9.760467,14.454286,0.000000,4.167475,15.849759,0.061262,48.775871
8.157913,14.173430,0.000000,3.688407,14.372900,0.046511,64.017393
8.596861,14.549305,0.000000,3.896761,15.547666,0.060040,91.131755
7.635702,14.308813,0.000000,4.912291,16.695873,0.087271,85.351126
8.176421,14.211111,0.000000,5.093054,17.826307,0.059654,24.576688
12.900887,12.429353,0.000000,3.230794,16.993750,0.079427,65.513514
8.343054,13.679405,0.000000,4.526124,17.001049,0.153178,40.454010
12.359346,12.187642,0.000000,3.434289,16.842396,0.076722,63.009276
7.861113,13.025348,0.000000,3.221944,15.100205,0.054949,99.011425
8.229331,13.809677,0.000000,4.517815,18.327681,0.071934,60.486411
7.748888,12.579434,0.000000,3.368285,16.112204,0.048381,41.279729
7.896295,12.991481,0.000000,2.980625,15.957497,0.048875,49.337107
11.499175,12.208051,0.000000,2.807110,16.295526,0.046766,84.917423
7.241142,13.177603,0.000000,3.574560,15.951486,0.049250,79.430546
7.486981,12.930891,0.000000,3.994040,17.174758,0.059966,68.516602
7.571279,12.331415,0.000000,3.844545,15.938507,0.066265,64.637284
6.884073,13.627836,0.000000,4.511767,19.977294,0.080791,75.823668
7.711259,12.679633,0.000000,3.552964,17.471037,0.051654,53.091646
7.815424,11.951825,0.000000,3.531799,16.798171,0.052853,64.884946
7.341831,12.344461,0.000000,3.796995,17.163929,0.055394,46.947159
7.445341,12.293025,0.000000,3.194162,16.998360,0.058708,56.054494
7.262340,13.124981,0.000000,3.659931,17.523889,0.063871,65.450280
9.640738,12.333974,0.000000,4.077030,18.144555,0.052443,55.941481
7.672682,12.642187,0.000000,4.540950,14.223189,0.071274,61.790777
8.182611,12.236468,0.000000,4.227185,15.968362,0.056890,74.597306
10.331938,13.055419,0.000000,4.390159,22.828924,0.061237,65.411918
7.721802,12.405875,0.000000,7.272085,36.627006,0.046752,81.358833
8.035129,13.317742,0.000000,3.224032,19.345126,0.047573,54.281338
11.540344,24.159735,0.000000,6.718258,37.537684,0.112295,98.672774
8.738323,13.740675,0.000000,3.610204,16.694990,0.051677,45.138968
7.507894,12.818453,0.000000,2.853962,16.959351,0.038935,43.291561
8.092477,12.701232,0.000000,2.844350,17.463118,0.037953,48.295455
7.474891,12.507801,0.000000,3.252908,16.051498,0.039616,20.716601
9.422693,11.608537,0.000000,2.353349,16.088224,0.046641,19.681563
8.197164,11.916457,0.000000,2.659940,16.455001,0.053427,20.466970
7.188966,12.024018,0.000000,2.141497,15.645779,0.040953,19.123395
7.794985,11.625466,0.000000,1.697958,14.786245,0.046031,17.750037
7.062662,11.339552,0.000000,1.550814,14.172636,0.044059,31.525224
7.914423,12.155040,0.000000,2.061541,16.046349,0.094569,19.522890
7.778214,11.305306,0.000000,1.855742,14.612386,0.039222,37.981014
8.121373,11.314763,0.000000,2.240689,14.236950,0.067607,18.178038
10.926410,11.627080,0.000000,1.993202,14.817687,0.038991,18.104164
7.414324,12.731087,0.000000,2.869436,21.239954,0.065993,26.153468
7.008579,11.868764,0.000000,1.656074,11.459140,0.049791,14.040434
7.447558,11.645845,0.000000,1.447835,10.617033,0.050575,35.004325
7.714723,11.705799,0.000000,2.929949,13.473694,0.043589,71.923028
8.041571,11.766630,0.000000,3.533726,12.769050,0.052188,55.589760
9.271767,11.466466,0.000000,3.732495,9.705113,0.055385,61.607949
8.429963,11.822871,0.000000,3.733289,10.013519,0.051683,56.235133
7.851402,11.168653,0.000000,3.865896,7.133205,0.058084,12.136406
8.516956,10.537483,0.000000,2.139912,6.681609,0.095769,44.716143
7.846634,11.667996,0.000000,3.115662,6.672181,0.068538,10.797846
8.520494,11.468269,0.000000,2.151430,7.816699,0.088959,42.491787
7.664541,12.315423,0.000000,3.151882,6.946310,0.070768,36.153479
8.030594,12.314166,0.000000,2.807959,6.222253,0.052209,50.503472
7.013824,12.762389,0.000000,3.384970,6.248167,0.045094,49.392744
8.167909,12.857395,0.000000,3.735330,7.084404,0.045755,59.738369
9.909408,14.161000,0.000000,4.986050,7.471441,0.044068,68.536274
7.454944,13.937807,0.000000,5.394544,9.178054,0.059730,56.376817
7.174450,13.519798,0.000000,5.695214,8.800971,0.062055,59.419612
6.854441,13.684580,0.000000,5.002165,9.041439,0.044424,51.590486
6.938885,13.724938,0.000000,5.552734,8.632466,0.051187,42.957258
7.217568,13.402468,0.000000,4.847014,10.236287,0.050504,58.819394
7.088007,13.599515,0.000000,4.692732,9.618217,0.050420,48.137101
7.413172,14.170685,0.000000,4.290735,8.727646,0.053291,67.249304
7.719021,13.911855,0.000000,4.626246,11.902860,0.053552,56.027639
12.414908,13.700932,0.000000,5.500176,18.019261,0.059753,59.699476
7.559742,13.999262,0.000000,5.799280,10.385084,0.057135,88.251214
6.893811,14.650082,0.000000,6.175323,12.823647,0.062226,20.356977
11.570808,13.291305,0.000000,4.220549,13.159973,0.089571,70.642383
7.226617,14.437889,0.000000,6.148030,11.478089,0.075526,68.052698
7.364957,13.505122,0.000000,5.224360,11.964827,0.073765,73.810064
8.321896,13.278730,0.000000,5.577510,13.249593,0.059253,65.288349
7.134672,13.325669,0.000000,6.305821,12.633008,0.059817,48.829632
11.439568,13.908311,0.000000,4.708260,13.653356,0.072534,87.280300
8.762942,13.794387,0.000000,5.996843,14.940559,0.064334,65.379628
7.475404,14.772926,0.000000,6.393981,15.190194,0.075695,87.792684
7.201028,14.352144,0.000000,6.524335,15.709654,0.079359,69.803720
7.762377,14.297651,0.000000,6.543943,15.441408,0.073532,78.320388
7.696301,13.907456,0.000000,6.168278,15.636834,0.075016,68.735406
6.931375,13.489384,0.000000,6.020761,16.219456,0.066571,71.387084
7.091612,13.702386,0.000000,5.487567,15.145989,0.065354,53.963424
7.141073,13.854536,0.000000,5.213038,15.040995,0.056043,62.068027
6.952936,15.105903,0.000000,5.163999,14.800420,0.072333,61.287730
7.241983,13.609776,0.000000,5.064605,15.509016,0.050061,64.848579
11.592756,13.948290,0.000000,4.838587,17.577867,0.055998,64.825539
6.942889,13.862731,0.000000,5.460755,15.759532,0.063489,65.425086
11.134735,13.575296,0.000000,4.492677,21.300659,0.051855,67.965226
11.834952,13.837809,0.000000,4.178376,20.706958,0.079274,58.262141
7.262609,14.294808,0.000000,6.642510,17.319807,0.056617,54.003206
7.656666,14.755520,0.000000,4.175270,16.179069,0.052440,52.879616
11.400881,14.408889,0.000000,3.521886,18.694022,0.076913,38.637891
11.620307,13.738941,0.000000,4.070526,17.254360,0.063973,37.457056
13.774393,13.407022,0.000000,4.119026,15.156172,0.051610,35.016220
10.312402,13.487722,0.000000,3.746864,18.054435,0.053862,36.394508
8.195139,13.421140,0.000000,3.654618,15.350651,0.054921,32.011052
10.214222,13.684002,0.000000,3.214741,15.636548,0.081088,35.749233
12.139689,13.970754,0.000000,3.195003,17.057756,0.051562,105.118685
11.719488,14.626866,0.000000,4.982990,19.654303,0.061464,68.844396
6.924944,15.328138,0.000000,7.859400,20.675634,0.074641,65.384195
11.707930,14.159518,0.000000,5.001310,23.377043,0.051236,68.192244
7.433729,14.756020,0.000000,4.849893,15.197601,0.058029,58.377631
6.782263,16.024635,0.000000,5.034686,16.877074,0.070661,67.756514
7.695990,14.369403,0.000000,3.826894,16.234643,0.052879,49.997869
7.417994,15.358544,0.000000,3.806917,18.888834,0.042364,60.610644
11.826478,14.702173,0.000000,3.322848,19.030601,0.039384,43.382151
11.490432,14.870136,0.000000,3.632958,19.289810,0.059128,39.952643
7.111368,15.703906,0.000000,4.306739,20.992388,0.061765,63.010305
6.713798,15.590774,0.000000,3.667623,19.419011,0.056431,64.838703
6.621120,15.181707,0.000000,4.049941,17.759654,0.051336,84.211851
7.147094,15.594541,0.000000,4.986713,17.957539,0.054589,63.677188
7.180547,14.853897,0.000000,2.864283,19.594661,0.075760,50.590709
10.397059,14.304630,0.000000,3.663453,19.428260,0.066252,47.803426
11.359896,14.249138,0.000000,3.746905,18.440772,0.076049,50.575354
11.380207,14.073932,0.000000,2.496738,20.581537,0.044324,58.645613
10.755701,14.052034,0.000000,2.954269,20.499048,0.059068,90.139728
6.539303,15.102401,0.000000,5.264784,19.207192,0.079125,96.913181
7.263239,15.943547,0.000000,4.827573,21.073150,0.065764,77.407477
11.963615,14.827025,0.000000,5.441310,22.837095,0.064225,79.659804
11.607315,14.698719,0.000000,6.211000,27.398517,0.076243,103.401283
7.219715,14.558272,0.000000,5.682149,22.881176,0.081531,73.933165
7.171609,14.674892,0.000000,5.118312,22.077034,0.074761,77.606123
7.241247,14.142722,0.000000,4.782228,22.569386,0.069124,70.985842
6.672446,14.006317,0.000000,4.904627,22.696107,0.063001,72.402418
7.253345,14.338382,0.000000,4.524920,21.776189,0.067518,72.921153
11.435553,13.121758,0.000000,4.379365,25.256357,0.081860,69.601415
11.973946,12.907203,0.000000,4.361997,25.057683,0.050247,83.151206
7.277485,14.107431,0.000000,4.941399,24.296744,0.072103,84.664545
7.274429,13.113542,0.000000,3.935136,25.300833,0.063707,66.895235
6.864968,13.561372,0.000000,3.741914,26.020967,0.066967,72.978121
7.337127,13.208139,0.000000,3.577103,24.391782,0.071958,56.870666
7.303353,12.834466,0.000000,3.676593,20.379088,0.064532,57.859040
7.135037,13.106362,0.000000,2.980361,22.483729,0.061041,65.880198
10.558176,18.915729,0.000000,3.400640,23.082995,0.055914,97.348863
12.169365,20.852749,0.000000,5.153770,55.888662,0.049889,110.092396
9.765977,14.143459,0.000000,3.993429,32.446886,0.070259,97.835361
7.124968,14.523369,0.000000,4.549181,24.017756,0.062466,77.335626
7.791764,14.879438,0.000000,4.115692,23.984949,0.056535,84.706447
7.525966,14.833387,0.000000,4.395586,24.384793,0.060602,91.109674
7.092332,13.943647,0.000000,4.351555,17.339764,0.059015,72.359100
8.512364,14.009511,0.000000,4.515412,24.781054,0.046088,85.018930
7.839510,13.805582,0.000000,4.760885,23.416598,0.063366,87.519906
7.103285,13.813371,0.000000,4.160495,15.657267,0.051892,83.906633
6.888278,24.885314,0.000000,6.988071,33.313136,0.084737,118.424211
8.261586,13.749625,0.000000,4.164114,17.577270,0.040074,77.646252
6.874894,13.991701,0.000000,3.964057,13.267486,0.046372,76.331447
11.579828,13.043835,0.000000,3.031383,15.581494,0.041419,47.301443
11.076201,13.299776,0.000000,3.274922,19.835780,0.043018,73.180653
8.450781,14.127186,0.000000,3.530580,15.622573,0.032137,62.251515
10.939450,14.101106,0.000000,4.052549,15.320776,0.036061,61.191705
12.120770,13.951759,0.000000,3.729094,11.070359,0.061160,50.160337
11.921629,14.088062,0.000000,3.572266,15.785080,0.034154,56.851435
12.048763,13.709649,0.000000,3.359407,11.383590,0.038920,56.255695
11.777006,14.061127,0.000000,3.362458,12.000624,0.039524,52.596869
12.084534,13.360252,0.000000,3.358690,16.731119,0.035126,70.327665
6.919517,14.066178,0.000000,3.885757,14.571008,0.042583,80.416692
6.858847,14.223971,0.000000,3.271281,14.033133,0.052982,72.970316
7.054990,14.554966,0.000000,3.047364,14.771531,0.049909,71.452863
6.820226,14.187826,0.000000,3.648860,14.634514,0.047653,63.566957
11.343876,14.061656,0.000000,3.586022,17.409052,0.037034,78.569300
6.781526,15.865006,0.000000,4.740912,17.616568,0.073225,73.888643
11.093175,14.254965,0.000000,3.811601,18.066910,0.047772,64.413996
7.438694,14.130496,0.000000,4.130719,11.624674,0.041131,70.732676
9.388514,14.292125,0.000000,3.966302,14.209014,0.049006,80.482301
7.536345,15.047960,0.000000,3.827020,11.825559,0.047244,70.746696
11.880958,13.964449,0.000000,3.617675,14.590117,0.048842,72.275526
7.345344,14.480277,0.000000,3.773660,11.791565,0.047605,70.486700
6.988040,13.939280,0.000000,3.205543,12.759102,0.047951,71.554740
7.709115,13.358535,0.000000,3.358030,14.607757,0.046468,80.357774
11.595145,13.509955,0.000000,3.290671,13.973927,0.083066,64.875601
7.182042,13.518887,0.000000,3.413756,14.381751,0.049162,68.940979
7.166508,13.855181,0.000000,2.718909,12.408542,0.049479,65.562608
7.352416,13.970389,0.000000,3.216990,9.363713,0.054511,61.366698
10.097750,14.131184,0.000000,3.371235,12.971969,0.063782,97.920704
7.103708,15.031742,0.000000,4.529438,13.152536,0.058553,87.346635
6.860758,14.498573,0.000000,4.238098,12.247247,0.068543,127.220105
7.271166,14.581269,0.000000,5.537957,14.286844,0.075949,88.936057
7.314257,14.562044,0.000000,6.251745,14.274464,0.077976,80.291600
10.425449,13.929366,0.000000,5.569252,12.601068,0.051584,84.384561
8.955655,13.784681,0.000000,5.163889,11.573010,0.055448,97.784663
7.314927,13.978279,0.000000,5.665353,12.060535,0.065032,91.942298
7.284117,13.880666,0.000000,5.417865,12.956093,0.064192,92.773434
7.004773,14.161769,0.000000,6.459063,14.436283,0.075662,106.875885
7.542637,12.763434,0.000000,4.567202,13.356094,0.057363,89.123475
7.434569,12.753562,0.000000,4.452513,13.025382,0.073438,83.786601
6.945905,13.485841,0.000000,3.855036,12.844540,0.055802,84.002851
7.152987,14.195532,0.000000,4.547528,14.024879,0.077227,99.079316
7.312031,13.876964,0.000000,4.234168,12.605826,0.056007,68.623972
7.503973,13.615066,0.000000,4.296300,14.512232,0.057565,68.178824
7.683293,13.315996,0.000000,3.448667,11.231284,0.056290,70.822453
7.300320,12.524826,0.000000,3.407921,11.739786,0.057123,60.491817
6.723586,13.203403,0.000000,4.943302,14.022790,0.056284,76.808990
7.778656,13.885183,0.000000,3.470498,10.774677,0.046490,57.721661
6.955835,13.248769,0.000000,3.576621,14.605652,0.046894,72.438620
7.044760,13.223266,0.000000,3.654270,14.760764,0.046629,63.362390
9.746322,12.920713,0.000000,3.283936,13.048406,0.041423,65.460168
6.595390,13.173654,0.000000,3.087672,11.384135,0.048432,59.951068
6.752181,13.997967,0.000000,2.952741,13.660592,0.052714,82.709901
6.353885,15.093354,0.000000,4.621306,15.201529,0.064652,64.187808
11.644632,14.158610,0.000000,4.493597,16.754296,0.062986,58.254669
11.111698,13.824752,0.000000,5.063400,18.762659,0.053142,58.626375
7.037919,14.525070,0.000000,4.971484,11.529153,0.061595,62.973138
7.433808,13.990983,0.000000,4.198897,16.204156,0.045544,59.938327
10.895364,13.938275,0.000000,4.307307,14.614568,0.050326,63.649216
6.883983,14.107513,0.000000,4.273320,13.519718,0.054037,88.512978
17.560704,16.576511,0.000000,6.777642,30.558600,0.088035,93.062804
11.396866,19.634464,0.000000,4.966032,18.867985,0.057402,83.146153
11.810425,19.806329,0.000000,9.727176,33.879539,0.051798,101.549399
11.495041,16.302228,0.000000,4.563795,23.350128,0.083337,68.867834
11.896956,17.477973,0.000000,4.666074,17.267925,0.080435,67.739472
7.566437,13.808646,0.000000,4.811702,16.369953,0.063120,66.027673
8.152079,14.002192,0.000000,4.557830,18.044444,0.061614,70.475456
14.697308,14.711206,0.000000,5.407772,24.943413,0.060257,78.625375
11.409934,13.264046,0.000000,4.466856,21.068389,0.135222,83.080774
7.274998,14.173109,0.000000,4.968391,17.221670,0.060611,82.988145
7.209999,14.915952,0.000000,4.676616,22.683975,0.062341,29.187603
14.358074,18.141680,0.000000,4.990297,26.818059,0.107816,106.004961
7.149891,15.873931,0.000000,8.150506,23.571178,0.087535,33.803481
12.885046,12.468890,0.000000,3.537688,20.267695,0.085339,75.261046
6.934397,14.786309,0.000000,4.814320,21.066301,0.103662,86.235400
8.097180,14.396341,0.000000,4.412602,20.246954,0.100086,85.504364
7.023039,13.431964,0.000000,4.749395,17.228537,0.056855,94.417624
7.951790,13.203959,0.000000,4.834136,18.553930,0.068494,92.916131
7.157947,13.585759,0.000000,4.650517,17.862580,0.059744,81.590967
8.609108,13.350900,0.000000,4.040543,19.655946,0.055918,85.674973
10.720529,22.844866,0.000000,4.499508,19.638747,0.078417,92.151696
10.762055,16.056989,0.000000,6.139378,42.402754,0.097852,56.543152
14.664525,22.461423,0.000000,7.231587,22.001431,0.095885,81.137630
9.795636,15.825290,0.000000,6.341994,41.554210,0.134347,121.609248
7.268758,13.669265,0.000000,5.168070,21.001371,0.066502,83.167959
7.257100,13.892481,0.000000,5.669678,23.221314,0.071425,88.261412
6.962357,14.770440,0.000000,5.444621,22.034128,0.067511,29.156090
11.652448,12.510362,0.000000,3.498678,21.041332,0.069443,63.833232
7.466521,13.749962,0.000000,5.119712,20.737956,0.053312,86.190793
7.145727,14.181976,0.000000,5.227318,19.508683,0.070472,26.305994
10.344369,12.321260,0.000000,3.332243,19.473432,0.076998,59.236489
7.061674,14.278348,0.000000,5.045030,22.392821,0.099177,83.022611
9.110046,13.166280,0.000000,4.739909,19.030772,0.064841,76.904414
8.821295,13.000241,0.000000,3.276780,15.800528,0.048186,57.365653
7.281135,13.292367,0.000000,2.677673,17.922596,0.039947,50.745062
6.932786,14.155700,0.000000,3.580614,25.116883,0.050668,85.430576
8.195529,13.044686,0.000000,4.059700,22.348976,0.038232,27.873684
7.962847,12.477710,0.000000,3.335560,14.594719,0.054789,41.649049
6.815273,13.561937,0.000000,4.063716,17.017321,0.041004,63.143914
7.817100,13.837162,0.000000,4.058426,20.629330,0.045070,73.324006
11.300208,13.612565,0.000000,4.874990,22.170151,0.049931,75.976225
7.016185,13.523805,0.000000,5.266239,21.385760,0.060212,63.188817
6.852900,13.180317,0.000000,5.710045,20.981120,0.050559,55.293773
6.545292,13.233651,0.000000,6.083773,20.574492,0.053448,27.969027
9.673485,13.360045,0.000000,4.879088,24.761270,0.058882,50.261958
6.843097,13.911387,0.000000,6.490081,24.049241,0.064117,61.305958
6.530436,14.486424,0.000000,7.756298,23.388578,0.079086,53.102733
6.984059,13.777235,0.000000,6.570699,22.601523,0.062405,57.565298
9.397258,14.136903,0.000000,6.333153,23.926836,0.048635,73.693299
7.160521,14.990350,0.000000,7.874419,23.825709,0.058733,75.834458
7.144627,14.691155,0.000000,7.284461,24.783089,0.060766,56.026731
7.038016,14.423702,0.000000,6.329208,24.247014,0.059134,79.420662
10.998856,14.690080,0.000000,5.844186,24.895219,0.069221,32.262078
12.166328,14.219727,0.000000,4.519942,19.796798,0.074366,70.209071
7.193636,15.929375,0.000000,6.255401,26.388615,0.079354,86.403233
7.001419,15.188724,0.000000,8.270981,29.234271,0.086679,39.170264
10.441470,13.787617,0.000000,5.760431,28.396066,0.099880,38.026678
7.144355,13.575552,0.000000,4.969785,23.164286,0.081231,61.877970
7.162204,14.991800,0.000000,6.410840,26.880845,0.154929,35.000343
12.253811,14.446365,0.000000,4.676990,27.280871,0.079195,60.254066
6.884713,14.771443,0.000000,5.079824,24.630509,0.068430,84.053497
7.240292,15.603442,0.000000,5.256996,23.801778,0.078011,30.517888
7.549502,13.986536,0.000000,3.805788,12.306885,0.072892,51.631681
7.559133,16.823490,0.000000,7.954224,15.392645,0.080287,25.132421
9.852355,14.592579,0.000000,3.631316,12.804767,0.081570,54.176342
7.069042,15.200545,0.000000,5.463931,13.168857,0.087568,20.182015
9.902382,14.418423,0.000000,3.778169,10.347061,0.075849,48.949228
6.656878,15.268837,0.000000,4.595984,12.074726,0.109800,42.431819
9.875224,14.955153,0.000000,4.161814,13.002064,0.063314,50.331333
7.240660,15.405109,0.000000,4.285944,9.730250,0.057311,48.221214
8.553315,14.973324,0.000000,5.063024,12.366405,0.050487,44.224056
6.996008,14.638807,0.000000,6.148732,12.579079,0.059341,88.278344
7.262449,14.253424,0.000000,5.088822,12.384748,0.061746,62.291101
6.923635,13.862827,0.000000,4.656216,12.445382,0.053878,18.258885
11.728304,12.598403,0.000000,4.099450,12.518951,0.063485,43.185396
6.835349,13.458192,0.000000,4.714523,11.500455,0.060195,46.372262
7.433905,12.782025,0.000000,4.686298,10.500159,0.052295,46.772850
6.999487,13.246091,0.000000,4.720964,10.486153,0.055514,51.910919
7.842656,12.802267,0.000000,4.372142,10.392305,0.052933,52.741100
7.511254,12.790633,0.000000,4.756793,10.951512,0.050771,47.921285
7.761957,13.091929,0.000000,4.231270,9.488862,0.044669,33.634533
6.771669,12.777024,0.000000,4.364606,10.869129,0.040687,44.182618
7.354846,13.600920,0.000000,4.381644,10.543660,0.042672,42.157739
7.458311,14.387974,0.000000,5.147604,12.010036,0.043857,57.178775
7.566143,13.853131,0.000000,6.117991,12.098303,0.049667,72.928692
7.316852,13.856308,0.000000,4.307105,11.894343,0.055363,78.050783
7.580949,13.890323,0.000000,5.177809,13.819541,0.057885,64.305897
7.363431,14.200046,0.000000,6.967661,16.292544,0.068314,63.873869
12.242863,13.244710,0.000000,5.171024,16.010046,0.047697,60.106354
7.320940,13.550952,0.000000,4.839577,11.949003,0.061990,57.831430
7.398083,13.808745,0.000000,4.334859,12.808238,0.052370,75.917101
7.172634,14.642452,0.000000,4.985815,13.199881,0.059723,62.202184
6.904991,14.448068,0.000000,5.454721,13.718643,0.064287,54.827362
13.081877,22.790423,0.000000,4.419316,14.924601,0.088523,73.899441
7.446051,16.657187,0.000000,4.539309,13.464820,0.056871,65.295384
10.605067,24.698152,0.000000,8.544331,26.506735,0.070621,104.103899
7.028072,15.161326,0.000000,5.419942,19.408091,0.052079,63.996821
6.643236,14.804730,0.000000,4.545431,14.143665,0.046040,57.556940
12.035745,18.136324,0.000000,3.837425,16.062415,0.060986,59.963559
13.258463,15.792988,0.000000,4.247392,22.973923,0.073705,66.649819
14.341454,15.383212,0.000000,4.584591,15.358586,0.103480,62.860301
10.048922,15.620673,0.000000,4.694307,14.826275,0.047570,62.063375
16.132980,19.171537,0.000000,4.716227,23.896936,0.045138,98.756440
8.871315,14.346403,0.000000,4.449678,17.829612,0.050280,70.935598
7.047106,14.514498,0.000000,4.299510,16.991185,0.049874,71.716662
8.456637,13.965949,0.000000,3.766687,18.183668,0.051926,63.533592
10.018740,13.550344,0.000000,4.039246,18.496556,0.044123,75.602953
7.676333,14.471542,0.000000,5.982930,21.915362,0.084456,87.490522
6.858046,14.445291,0.000000,4.826760,17.963956,0.061037,78.291920
13.355304,13.838928,0.000000,3.709975,18.923356,0.091945,81.164231
7.351961,14.342326,0.000000,4.402092,17.874899,0.053457,74.554249
12.486981,13.589490,0.000000,3.810051,18.523731,0.059366,74.286793
11.832068,12.957265,0.000000,4.446140,18.606929,0.086497,75.212066
7.332052,13.757318,0.000000,4.255818,16.567568,0.060567,74.418082
7.208945,12.896874,0.000000,4.155924,17.393672,0.060189,77.863372
7.554806,12.894265,0.000000,4.381241,18.037815,0.055885,80.705940
7.482965,13.002112,0.000000,4.434786,18.287692,0.058232,76.686467
7.109382,12.646421,0.000000,5.083353,17.738132,0.053870,68.195556
7.917537,12.852750,0.000000,5.710300,19.598530,0.080440,90.368104
7.704773,12.564252,0.000000,4.485918,19.618148,0.063759,85.526958
7.672174,12.484022,0.000000,4.528167,18.379410,0.069848,81.477074
7.903811,12.579209,0.000000,4.147305,19.643112,0.064541,71.400136
7.210827,13.539841,0.000000,4.129833,22.194020,0.069016,83.768177
7.386466,13.993464,0.000000,3.734479,20.080011,0.064092,73.980868
7.589875,12.819980,0.000000,3.647589,18.838459,0.061887,61.612237
7.181909,13.211363,0.000000,3.846646,17.768367,0.051393,69.160218
7.579165,13.255915,0.000000,4.584591,19.142857,0.058874,80.553263
7.253660,13.489014,0.000000,4.872984,19.733866,0.068597,73.789368
6.895124,13.557733,0.000000,4.408099,17.580382,0.060358,78.867914
7.466516,13.931560,0.000000,4.305525,20.569240,0.063239,82.748653
7.794040,13.910630,0.000000,4.697453,20.009501,0.061129,75.232621
7.028818,12.375111,0.000000,4.651242,20.457080,0.063008,75.071033
8.043322,12.430211,0.000000,4.211931,20.328087,0.056798,72.802499
7.253337,11.739220,0.000000,3.855659,19.917198,0.059304,69.307292
