# Timestamp KF, Num CovKFs, Num KFs, Num RecentMPs, Num MPs, processKF, MPCulling, CreateMP, SearchNeigh, BA, KFCulling, [numFixKF_LBA]
0,0,1,374,374,33.343952,0.053508,0.029645,2.726539,0.073960,0.004036,0
103735900,1,2,538,511,1.825781,0.074062,18.724407,4.783038,0.048221,0.001315,0
207338100,2,3,540,653,25.187001,0.314760,52.362770,0.000195,0.000000,0.000000,0
311075200,3,4,569,803,22.636432,0.249622,59.563232,0.000152,0.000000,0.000000,0
414691700,4,5,584,928,21.028974,0.283120,51.096740,0.000130,0.000000,0.000000,0
518430200,5,6,566,932,18.713943,0.333252,31.834709,0.000115,0.000000,0.000000,0
622044800,6,7,586,1012,39.378171,1.399640,53.530266,0.000115,0.000000,0.000000,0
725797700,7,8,635,1073,18.523889,0.465274,49.697957,0.000117,0.000000,0.000000,0
829419900,8,9,657,1185,17.620729,0.331358,59.142543,0.000136,0.000000,0.000000,0
933146700,7,10,719,1304,33.159594,0.325737,63.187774,0.000101,0.000000,0.000000,0
1036910000,6,11,806,1409,20.329907,0.320005,62.617403,0.000110,0.000000,0.000000,0
1140497000,7,12,747,1386,19.963979,0.333060,43.692220,0.000097,0.000000,0.000000,0
1244242000,7,13,708,1475,18.431284,0.328323,65.913016,0.000112,0.000000,0.000000,0
1347979000,7,14,769,1620,18.734451,0.261942,52.621412,0.000114,0.000000,0.000000,0
1451596000,7,15,749,1735,18.095388,0.324550,63.591300,0.000099,0.000000,0.000000,0
1555212000,8,16,821,1881,17.530021,0.313216,71.842536,0.000107,0.000000,0.000000,0
1658960000,9,17,840,1941,18.395905,0.367882,57.030101,0.000095,0.000000,0.000000,0
1762569000,9,18,780,1958,17.940804,0.362635,58.284907,0.000109,0.000000,0.000000,0
1866302000,10,19,814,2118,17.569277,0.307288,88.020475,0.000113,0.000000,0.000000,0
1969923000,11,20,859,2241,18.121098,0.483840,67.530271,0.000089,0.000000,0.000000,0
2073666000,11,21,819,2265,17.714502,0.421241,64.662655,0.000111,0.000000,0.000000,0
2177281000,11,22,806,2320,18.047087,0.391494,66.629324,0.000105,0.000000,0.000000,0
2281017000,12,23,798,2393,17.015459,0.349138,71.304747,0.000090,0.000000,0.000000,0
2384639000,12,24,790,2433,16.959747,0.384973,69.492586,0.000092,0.000000,0.000000,0
2488250000,12,25,816,2530,16.633085,0.396053,74.098586,0.000119,0.000000,0.000000,0
2591988000,13,26,852,2569,21.171291,0.434053,61.599118,0.000123,0.000000,0.000000,0
2695832000,15,27,764,2516,21.292505,0.455346,44.877084,0.000100,0.000000,0.000000,0
2799367000,15,28,695,2560,19.465523,0.599017,71.958648,0.000102,0.000000,0.000000,0
2903084000,15,29,728,2650,17.362690,0.465835,63.219485,0.000097,0.000000,0.000000,0
3006768000,15,30,743,2721,22.856700,0.533502,64.858036,0.000097,0.000000,0.000000,0
3110441000,16,31,720,2769,18.752131,0.526890,62.185949,0.000112,0.000000,0.000000,0
3214057000,18,32,739,2879,18.315260,0.461020,69.217705,0.000100,0.000000,0.000000,0
3317669000,14,33,820,2983,17.554525,0.382109,64.748749,0.000092,0.000000,0.000000,0
3421285000,14,34,757,3057,22.081438,0.467013,72.044714,0.000106,0.000000,0.000000,0
3524925000,15,35,806,3156,17.864535,0.577166,79.533266,0.000101,0.000000,0.000000,0
3628545000,13,36,814,3229,18.107314,0.543194,72.562424,0.000090,0.000000,0.000000,0
3732256000,12,37,838,3246,17.523425,0.561324,70.837377,0.000089,0.000000,0.000000,0
3835871000,13,38,746,3263,18.094776,0.543512,60.342868,0.000088,0.000000,0.000000,0
3939488000,14,39,672,3307,17.562396,0.526179,69.554407,0.000100,0.000000,0.000000,0
4043107000,15,40,678,3394,17.863723,0.462328,61.700384,0.000102,0.000000,0.000000,0
4146888000,16,41,729,3499,17.302492,0.476215,76.800624,0.000097,0.000000,0.000000,0
4250460000,17,42,703,3493,18.552111,0.508229,55.392339,0.000101,0.000000,0.000000,0
4354202000,17,43,629,3479,17.648584,0.518892,57.998493,0.000090,0.000000,0.000000,0
4457940000,18,44,606,3499,17.314193,0.468610,56.540027,0.000088,0.000000,0.000000,0
4561559000,18,45,616,3523,16.933267,0.402313,51.353492,0.000091,0.000000,0.000000,0
4665293000,20,46,598,3557,19.609421,0.433819,54.986426,0.000081,0.000000,0.000000,0
4768912000,20,47,547,3556,22.425606,0.480735,50.518155,0.000125,0.000000,0.000000,0
4872532000,20,48,541,3695,34.060631,0.396651,66.448561,0.000105,0.000000,0.000000,0
4976146000,19,49,596,3796,26.140669,0.286450,49.891995,0.000096,0.000000,0.000000,0
5079909000,22,50,666,3976,23.794650,0.380069,78.398362,0.000085,0.000000,0.000000,0
5183503000,18,51,827,4133,21.925032,0.379439,67.402318,0.000099,0.000000,0.000000,0
5287117000,18,52,890,4278,29.979698,0.501663,85.268693,0.000086,0.000000,0.000000,0
5390861000,17,53,919,4354,21.736096,0.620150,74.167032,0.000090,0.000000,0.000000,0
5494473000,16,54,937,4380,20.506611,0.515622,61.128602,0.000091,0.000000,0.000000,0
5598233000,21,55,814,4382,20.940529,0.565258,60.899844,0.000092,0.000000,0.000000,0
5701829000,16,56,705,4442,25.522837,0.654577,70.432122,0.000102,0.000000,0.000000,0
5805571000,16,57,749,4558,19.513230,0.467819,67.594905,0.000088,0.000000,0.000000,0
5909185000,22,58,830,4739,19.735852,0.507122,80.220790,0.000107,0.000000,0.000000,0
6012921000,21,59,865,4762,19.536344,0.511807,64.055432,0.000105,0.000000,0.000000,0
6116541000,16,60,895,4915,25.398343,0.551218,81.932173,0.000108,0.000000,0.000000,0
6220278000,26,61,870,4891,21.264060,0.594095,62.671980,0.000115,0.000000,0.000000,0
6323895000,21,62,861,5016,24.321864,0.672975,95.190007,0.000135,0.000000,0.000000,0
6427659000,13,63,821,5037,19.943783,0.593646,62.182686,0.000092,0.000000,0.000000,0
6531383000,15,64,828,5088,18.980359,0.539948,67.031353,0.000096,0.000000,0.000000,0
6634992000,14,65,870,5156,19.518072,0.482516,67.638311,0.000085,0.000000,0.000000,0
6738741000,14,66,810,5177,19.498335,0.507045,58.982548,0.000100,0.000000,0.000000,0
6842350000,15,67,743,5200,19.684749,0.472157,57.806617,0.000096,0.000000,0.000000,0
6945963000,15,68,710,5229,18.996315,0.590723,72.565627,0.000125,0.000000,0.000000,0
7049705000,16,69,597,5189,23.833158,0.508792,68.173315,0.000129,0.000000,0.000000,0
7153323000,16,70,596,5240,21.971189,0.542109,65.047622,0.000111,0.000000,0.000000,0
7256934000,16,71,648,5326,19.927638,0.418740,57.503004,0.000096,0.000000,0.000000,0
7360549000,15,72,626,5345,19.430042,0.595306,57.053981,0.000105,0.000000,0.000000,0
7464167000,16,73,605,5371,21.077916,0.419963,59.878804,0.000105,0.000000,0.000000,0
7567786000,17,74,549,5371,24.271763,0.421572,41.527179,0.000103,0.000000,0.000000,0
7671396000,18,75,611,5485,22.870551,0.440010,73.874708,0.000082,0.000000,0.000000,0
7775144000,19,76,597,5538,22.214785,0.376187,44.037220,0.000125,0.000000,0.000000,0
7878754000,20,77,644,5644,27.663949,0.388421,67.236451,0.000101,0.000000,0.000000,0
7982493000,19,78,634,5788,23.778256,0.299617,66.031693,0.000071,0.000000,0.000000,0
8086111000,20,79,610,5874,31.430585,0.474809,58.700153,0.000086,0.000000,0.000000,0
8189849000,21,80,684,6078,26.971439,0.413551,77.919069,0.000098,0.000000,0.000000,0
8293470000,24,81,833,6277,27.132345,0.417773,80.158781,0.000094,0.000000,0.000000,0
8397102000,23,82,828,6327,26.587983,0.604637,54.168828,0.000121,0.000000,0.000000,0
8500847000,21,83,720,6352,26.273351,0.545988,61.544587,0.000099,0.000000,0.000000,0
8604438000,18,84,731,6460,23.875447,0.357668,63.324818,0.000078,0.000000,0.000000,0
8708175000,15,85,707,6540,23.797152,0.373284,59.378596,0.000116,0.000000,0.000000,0
8811795000,16,86,660,6577,23.127441,0.383125,56.082898,0.000101,0.000000,0.000000,0
8915403000,21,87,703,6695,25.243333,0.482724,80.161932,0.000086,0.000000,0.000000,0
9019162000,17,88,756,6829,27.019455,0.495313,83.705003,0.000078,0.000000,0.000000,0
9122890000,17,89,798,6966,25.427625,0.585100,78.905454,0.000110,0.000000,0.000000,0
9226512000,18,90,882,7140,23.179168,0.543831,82.192732,0.000090,0.000000,0.000000,0
9330247000,18,91,942,7258,22.796331,0.497749,72.482709,0.000090,0.000000,0.000000,0
9433986000,16,92,972,7339,24.467407,0.496445,79.158488,0.000089,0.000000,0.000000,0
9537749000,20,93,902,7376,24.861413,0.564847,66.743368,0.000102,0.000000,0.000000,0
9641587000,18,94,913,7136,25.756732,0.549935,91.265201,54.750777,0.000000,0.000000,0
9849229000,21,95,639,7154,23.714969,0.351279,36.320036,0.000106,0.000000,0.000000,0
9953059000,23,96,797,7403,23.252917,0.337287,73.392034,0.000098,0.000000,0.000000,0
10056930000,24,97,835,7686,25.959013,0.404904,85.445826,0.000085,0.000000,0.000000,0
10160830000,24,98,1006,7858,24.135712,0.482849,95.173899,0.000088,0.000000,0.000000,0
10264660000,25,99,970,7894,25.723574,0.655759,82.982628,0.000079,0.000000,0.000000,0
10368670000,25,100,909,7527,24.754756,0.643830,74.308524,54.106475,43.312029,4.106847,69
10576630000,26,101,593,7556,38.163038,0.458048,22.099537,0.000084,0.000000,0.000000,0
10680620000,25,102,712,7980,35.148072,0.367310,112.678936,0.000097,0.000000,0.000000,0
10784610000,26,103,903,7636,32.546426,0.866521,77.080049,89.083928,53.856685,4.043185,71
11096590000,26,104,903,7752,29.124276,0.542951,71.600969,63.004416,43.483601,4.493645,72
11408180000,17,105,876,8364,25.480254,0.461305,97.349343,0.000096,0.000000,0.000000,0
11511920000,18,106,1045,8170,23.152300,0.463952,54.708721,42.370453,34.328836,3.853814,79
11719270000,18,107,965,8421,33.375617,0.660898,75.222198,43.520396,35.149801,5.580207,80
11926380000,15,108,1020,8342,34.483282,0.515045,62.727137,43.673776,32.196474,4.325782,84
12237100000,14,109,874,8534,24.564163,0.549322,69.741291,49.242354,0.000000,0.000000,0
12444110000,9,110,786,8704,22.517469,0.566224,71.749369,0.000077,0.000000,0.000000,0
12547670000,9,111,831,8492,20.707760,0.469349,47.277666,33.192173,23.781044,3.966349,88
12754690000,8,112,753,8773,20.869270,0.614802,72.258417,0.000082,0.000000,0.000000,0
12858060000,8,113,754,8869,20.006183,0.435195,55.028627,0.000176,0.000000,0.000000,0
12961670000,9,114,702,8891,21.462280,0.575668,65.979022,0.000130,0.000000,0.000000,0
13065200000,10,115,694,8994,19.936906,0.395577,63.040128,0.000088,0.000000,0.000000,0
13168770000,11,116,662,9003,19.000170,0.433966,50.337626,0.000085,0.000000,0.000000,0
13272350000,12,117,586,9100,18.456775,0.405525,62.956431,0.000075,0.000000,0.000000,0
13375880000,12,118,640,9117,18.395763,0.351016,47.766648,0.000075,0.000000,0.000000,0
13479500000,12,119,597,9227,19.678368,0.326594,59.648038,0.000079,0.000000,0.000000,0
13583110000,14,120,639,9279,18.654199,0.337719,52.961710,0.000087,0.000000,0.000000,0
13686720000,14,121,594,9260,19.125210,0.287391,40.520044,0.000075,0.000000,0.000000,0
13790340000,15,122,530,9244,19.679744,0.256095,41.916999,0.000087,0.000000,0.000000,0
13893950000,16,123,506,9368,20.138338,0.394036,67.749483,0.000083,0.000000,0.000000,0
13997670000,18,124,597,9478,18.995833,0.303736,52.668427,0.000122,0.000000,0.000000,0
14101300000,18,125,573,9451,19.288308,0.394241,42.642823,0.000130,0.000000,0.000000,0
14204920000,20,126,516,9472,19.573597,0.300393,46.144797,0.000138,0.000000,0.000000,0
14308540000,19,127,532,9600,18.928181,0.250858,57.231898,0.000129,0.000000,0.000000,0
14412270000,21,128,598,9656,19.618199,0.251034,53.483194,0.000113,0.000000,0.000000,0
14515890000,21,129,578,9732,19.810567,0.370244,62.013101,0.000099,0.000000,0.000000,0
14619680000,22,130,611,9816,23.347769,0.474272,66.052481,0.000080,0.000000,0.000000,0
14723260000,24,131,679,9970,22.219461,0.400000,73.330344,0.000101,0.000000,0.000000,0
14826860000,25,132,709,10045,24.565809,0.479130,60.702310,0.000102,0.000000,0.000000,0
14930480000,23,133,672,10096,21.371043,0.571395,56.484263,0.000090,0.000000,0.000000,0
15034100000,24,134,848,10294,20.888805,0.436102,106.487171,0.000078,0.000000,0.000000,0
15241450000,26,135,811,10347,22.232593,0.445809,55.959142,0.000103,0.000000,0.000000,0
15345080000,27,136,667,10271,21.755758,0.469684,48.964587,0.000098,0.000000,0.000000,0
15448810000,28,137,571,10378,25.065812,0.353462,69.517351,0.000089,0.000000,0.000000,0
15552550000,29,138,647,10489,20.978648,0.373532,69.981385,0.000095,0.000000,0.000000,0
15656170000,28,139,736,10637,21.152377,0.441532,81.473945,0.000099,0.000000,0.000000,0
15759900000,31,140,786,10661,21.002001,0.419903,61.834386,0.000089,0.000000,0.000000,0
15863640000,25,141,729,10717,20.872514,0.351957,67.444550,0.000098,0.000000,0.000000,0
15967390000,23,142,630,10726,21.446873,0.365308,56.727811,0.000092,0.000000,0.000000,0
16071020000,24,143,621,10774,20.561468,0.321438,55.506056,0.000089,0.000000,0.000000,0
16174740000,19,144,609,10902,19.655073,0.304466,65.528147,0.000111,0.000000,0.000000,0
16278450000,21,145,713,11157,21.279720,0.508853,94.835918,0.000077,0.000000,0.000000,0
16382090000,19,146,1013,11248,21.035355,0.494599,91.040940,52.338677,0.000000,0.000000,0
16589330000,19,147,1027,11426,18.649157,0.521256,83.690837,0.000091,0.000000,0.000000,0
16693090000,22,148,1124,11480,19.686925,0.514580,63.036512,0.000075,0.000000,0.000000,0
16796680000,21,149,874,11476,19.981480,0.545035,76.203310,0.000090,0.000000,0.000000,0
16900430000,22,150,804,11631,23.023248,0.676894,95.855234,0.000081,0.000000,0.000000,0
17004190000,19,151,912,11650,19.203563,0.612020,57.416433,0.000081,0.000000,0.000000,0
17107900000,20,152,809,11560,18.799789,0.572730,58.964821,0.000085,0.000000,0.000000,0
17211650000,20,153,623,11460,19.614051,0.561460,54.653037,0.000114,0.000000,0.000000,0
17315390000,16,154,613,11647,18.407193,0.363393,79.151813,0.000078,0.000000,0.000000,0
17419150000,16,155,808,11873,17.242985,0.389198,93.246945,0.000074,0.000000,0.000000,0
17522870000,28,156,899,11966,19.099222,0.590387,75.534162,0.000091,0.000000,0.000000,0
17626480000,11,157,890,11988,18.342566,0.550485,71.272236,0.000076,0.000000,0.000000,0
17730220000,12,158,817,12025,18.705204,0.569981,78.610427,0.000098,0.000000,0.000000,0
17833840000,15,159,786,12016,18.428096,0.540806,62.293017,0.000078,0.000000,0.000000,0
17937460000,12,160,727,12067,18.354934,0.518671,69.500813,0.000097,0.000000,0.000000,0
18041200000,18,161,666,12029,22.563851,0.645413,52.176919,0.000114,0.000000,0.000000,0
18144820000,14,162,630,12095,19.545428,0.550984,67.223929,0.000076,0.000000,0.000000,0
18248550000,13,163,650,12175,18.580351,0.451797,73.855916,0.000096,0.000000,0.000000,0
18352170000,13,164,705,12274,18.242336,0.389778,63.767024,0.000086,0.000000,0.000000,0
18455930000,14,165,713,12376,19.412484,0.347762,65.830380,0.000104,0.000000,0.000000,0
18559570000,16,166,723,12446,19.303689,0.361996,65.913319,0.000086,0.000000,0.000000,0
18663260000,14,167,726,12486,19.116012,0.342459,61.277563,0.000113,0.000000,0.000000,0
18766880000,16,168,630,12456,21.577466,0.587975,54.101621,0.000108,0.000000,0.000000,0
18870490000,15,169,547,12445,18.686429,0.530500,63.588845,0.000087,0.000000,0.000000,0
18974110000,17,170,526,12482,19.269905,0.352488,62.550564,0.000078,0.000000,0.000000,0
19077720000,18,171,497,12477,18.521090,0.357833,54.681683,0.000078,0.000000,0.000000,0
19181410000,17,172,459,12484,18.151829,0.272973,52.527055,0.000086,0.000000,0.000000,0
19285020000,18,173,498,12541,17.891819,0.314745,59.789339,0.000089,0.000000,0.000000,0
19388680000,23,174,573,12351,20.633679,0.334270,86.955663,52.712751,191.011220,1.370110,46
20010020000,18,175,421,12450,16.677616,0.441341,69.928681,0.000085,0.000000,0.000000,0
20217140000,22,176,501,12371,17.572125,0.259701,72.070026,39.461759,153.252257,1.299138,48
20734440000,17,177,401,12653,19.643164,0.443753,54.063867,0.000078,0.000000,0.000000,0
20837960000,17,178,556,12780,18.345311,0.286749,48.192360,29.334042,0.000000,0.000000,0
20941510000,12,179,611,12939,17.335750,0.407633,64.134721,0.000079,0.000000,0.000000,0
21045020000,6,180,739,13084,15.272578,0.335369,41.632922,35.334206,0.000000,0.000000,0
21148370000,6,181,693,12938,16.159618,0.457135,37.157118,33.448025,11.559048,1.765507,56
21355440000,5,182,700,12997,14.246063,0.358819,40.996489,30.796866,8.640338,1.406760,57
21562720000,6,183,604,13109,14.464769,0.449432,47.420036,24.735969,0.000000,0.000000,0
21666360000,7,184,537,13171,14.323399,0.259077,42.452482,0.000096,0.000000,0.000000,0
21770100000,8,185,565,13282,17.534314,0.382518,57.701304,0.000079,0.000000,0.000000,0
21873950000,8,186,664,13384,15.742981,0.465356,60.024933,0.000092,0.000000,0.000000,0
21977710000,8,187,705,13534,15.426027,0.399674,78.121685,0.000088,0.000000,0.000000,0
22081440000,9,188,712,13540,16.111303,0.469272,56.836167,0.000075,0.000000,0.000000,0
22185310000,10,189,702,13607,17.125087,0.354763,54.014678,0.000089,0.000000,0.000000,0
22289170000,10,190,671,13686,16.611084,0.414028,63.956396,0.000093,0.000000,0.000000,0
22393170000,9,191,638,13733,17.500158,0.304374,47.446876,0.000096,0.000000,0.000000,0
22497160000,10,192,632,13850,18.081323,0.316911,69.595828,0.000100,0.000000,0.000000,0
22601290000,11,193,711,14024,17.370394,0.353912,72.475649,0.000110,0.000000,0.000000,0
22705510000,12,194,727,14199,17.851557,0.439751,85.366896,0.000098,0.000000,0.000000,0
22809640000,12,195,824,14296,16.725635,0.424896,78.647456,0.000087,0.000000,0.000000,0
22913660000,12,196,792,14337,17.748890,0.470468,63.054911,0.000090,0.000000,0.000000,0
23017610000,13,197,821,14567,18.620238,0.483900,115.188764,0.000069,0.000000,0.000000,0
23121720000,14,198,1050,14905,21.304421,0.511119,114.220531,0.000099,0.000000,0.000000,0
23329700000,13,199,1070,15005,18.829139,0.588946,82.787222,0.000097,0.000000,0.000000,0
23433600000,14,200,954,14956,19.961397,0.698290,74.612203,0.000093,0.000000,0.000000,0
23537560000,15,201,915,15036,19.001694,0.550139,82.050574,0.000100,0.000000,0.000000,0
23641430000,16,202,837,15003,19.306475,0.425934,55.487479,0.000101,0.000000,0.000000,0
23745190000,16,203,812,15196,19.529450,0.403815,94.374835,0.000111,0.000000,0.000000,0
23848990000,16,204,936,15297,21.760578,0.588476,69.175145,0.000090,0.000000,0.000000,0
23952650000,17,205,926,15504,21.619546,0.594133,88.762149,0.000114,0.000000,0.000000,0
24056420000,17,206,940,15580,21.429629,0.575940,80.149531,0.000096,0.000000,0.000000,0
24160010000,17,207,966,15725,20.698700,0.465866,78.468145,0.000089,0.000000,0.000000,0
24263960000,17,208,968,15778,20.764803,0.463634,89.108266,0.000100,0.000000,0.000000,0
24367270000,19,209,921,15856,21.334532,0.571287,81.282236,0.000102,0.000000,0.000000,0
24471000000,18,210,815,15794,21.278313,0.481536,60.616375,0.000115,0.000000,0.000000,0
24574560000,23,211,755,15828,22.887378,0.681841,80.193758,0.000093,0.000000,0.000000,0
24678100000,23,212,754,15888,24.645959,0.669474,82.473266,0.000100,0.000000,0.000000,0
24781830000,23,213,674,15869,22.240523,0.671512,56.836766,0.000099,0.000000,0.000000,0
24885470000,22,214,657,15903,19.988518,0.513983,69.983452,0.000095,0.000000,0.000000,0
24989130000,23,215,707,16010,23.867414,0.525424,89.224793,0.000097,0.000000,0.000000,0
25092670000,26,216,648,15993,38.088873,0.447131,39.601218,0.000090,0.000000,0.000000,0
25196320000,24,217,546,15930,33.421487,0.395769,50.205821,0.000108,0.000000,0.000000,0
25299900000,26,218,465,15872,28.159800,0.290247,27.885123,0.000103,0.000000,0.000000,0
25403640000,27,219,557,16003,44.511928,5.607918,114.423759,0.000105,0.000000,0.000000,0
25507250000,26,220,553,16074,24.604780,0.214537,34.377828,0.000115,0.000000,0.000000,0
25610880000,27,221,512,16096,30.219700,0.499991,62.957307,0.000080,0.000000,0.000000,0
25714630000,27,222,578,16195,24.333693,0.240239,44.222923,0.000123,0.000000,0.000000,0
25818220000,27,223,514,16171,37.085470,0.453144,59.286844,0.000110,0.000000,0.000000,0
25921980000,28,224,468,16151,26.196307,0.404578,41.776040,0.000116,0.000000,0.000000,0
26025680000,29,225,447,16187,26.068815,0.372086,50.452879,0.000100,0.000000,0.000000,0
26129230000,30,226,528,16474,22.372223,0.273061,63.449019,0.000096,0.000000,0.000000,0
26232990000,31,227,787,16663,29.733787,0.341271,84.727026,0.000089,0.000000,0.000000,0
26336550000,33,228,836,16694,32.009003,0.467997,51.426460,0.000114,0.000000,0.000000,0
26440340000,33,229,658,16574,28.592032,0.608871,63.239250,0.000079,0.000000,0.000000,0
26544050000,29,230,585,16657,39.872313,0.517544,57.394901,0.000089,0.000000,0.000000,0
26647670000,30,231,623,16762,30.851523,0.401058,54.220815,0.000104,0.000000,0.000000,0
26751260000,30,232,633,16806,28.152260,0.378056,43.444791,0.000092,0.000000,0.000000,0
26854880000,36,233,656,16898,26.987366,0.394071,68.677448,0.000101,0.000000,0.000000,0
26958500000,32,234,738,17114,24.398094,0.370283,79.534930,0.000099,0.000000,0.000000,0
27062230000,33,235,771,17200,26.295375,0.442685,91.585655,0.000077,0.000000,0.000000,0
27165870000,31,236,694,17219,24.274595,0.611554,84.960418,0.000089,0.000000,0.000000,0
27269470000,32,237,632,17321,28.498022,0.622197,85.906501,0.000120,0.000000,0.000000,0
27373230000,33,238,756,17528,22.105442,0.421498,87.413216,0.000101,0.000000,0.000000,0
27476870000,21,239,904,17563,21.310981,0.459887,66.765492,0.000107,0.000000,0.000000,0
27580440000,26,240,840,17453,21.691735,0.493154,49.263985,0.000099,0.000000,0.000000,0
27684070000,19,241,763,17413,19.798043,0.659779,56.524980,0.000104,0.000000,0.000000,0
27787700000,16,242,746,17465,19.471260,0.406144,46.676891,0.000115,0.000000,0.000000,0
27891280000,18,243,723,17461,19.767003,0.394128,49.009021,0.000123,0.000000,0.000000,0
27995100000,19,244,699,17587,19.277070,0.354199,80.206533,0.000095,0.000000,0.000000,0
28098650000,18,245,907,17843,23.466549,0.526637,106.702324,0.000108,0.000000,0.000000,0
28202280000,21,246,1119,18087,21.215405,0.592980,106.277307,0.000091,0.000000,0.000000,0
28305870000,22,247,952,17959,22.042466,0.668509,50.967381,0.000090,0.000000,0.000000,0
28409630000,22,248,887,18030,22.038623,0.578842,88.984084,0.000101,0.000000,0.000000,0
28513230000,20,249,942,18209,21.549614,0.491480,79.507294,0.000077,0.000000,0.000000,0
28616840000,18,250,941,18319,21.929609,0.608179,89.697255,0.000091,0.000000,0.000000,0
28722280000,23,251,909,18368,21.702811,0.514174,70.567123,0.000078,0.000000,0.000000,0
28824220000,22,252,879,18439,20.676055,0.466235,87.569709,0.000080,0.000000,0.000000,0
28927940000,15,253,897,18535,20.595857,0.465333,73.371617,0.000091,0.000000,0.000000,0
29031560000,15,254,875,18586,23.230589,0.767436,81.769015,0.000111,0.000000,0.000000,0
29135300000,23,255,849,18700,22.950889,0.597215,82.153627,0.000108,0.000000,0.000000,0
29238910000,14,256,878,18805,20.448033,0.568905,79.254840,0.000093,0.000000,0.000000,0
29342530000,14,257,893,18842,20.649861,0.562547,73.824945,0.000086,0.000000,0.000000,0
29446140000,14,258,777,18807,19.045151,0.612747,71.397866,0.000082,0.000000,0.000000,0
29549760000,14,259,659,18707,18.114286,0.540244,47.275622,0.000087,0.000000,0.000000,0
29653420000,17,260,583,18719,18.695530,0.359838,52.841409,0.000105,0.000000,0.000000,0
29757120000,16,261,562,18797,21.053937,0.430382,71.185338,0.000105,0.000000,0.000000,0
29860880000,17,262,729,19048,18.120866,0.327556,93.707817,0.000096,0.000000,0.000000,0
29964620000,18,263,814,19159,19.123063,0.439687,70.973936,0.000087,0.000000,0.000000,0
30068210000,17,264,873,19294,19.222191,0.432114,86.795316,0.000101,0.000000,0.000000,0
30172000000,16,265,912,19396,23.174234,0.456955,85.594438,0.000092,0.000000,0.000000,0
30275700000,13,266,898,19506,19.026376,0.565608,87.786621,0.000097,0.000000,0.000000,0
30379310000,11,267,973,19643,18.414610,0.537559,91.404955,0.000109,0.000000,0.000000,0
30483050000,10,268,983,19722,18.509099,0.551490,89.014213,0.000078,0.000000,0.000000,0
30586670000,8,269,1021,19831,17.255998,0.545395,102.721091,0.000086,0.000000,0.000000,0
30690400000,9,270,965,19914,19.982961,0.566268,108.173047,0.000100,0.000000,0.000000,0
30794050000,7,271,881,19883,25.224748,1.355808,89.615675,0.000116,0.000000,0.000000,0
30897640000,8,272,917,20001,23.320120,1.105892,143.369745,0.000102,0.000000,0.000000,0
31001380000,9,273,984,20089,27.859202,0.907922,82.933549,0.000090,0.000000,0.000000,0
31105010000,8,274,955,20118,18.663226,0.514027,89.156362,0.000082,0.000000,0.000000,0
31208610000,5,275,936,20126,18.728236,0.538389,89.269965,0.000101,0.000000,0.000000,0
31312350000,5,276,782,20034,17.651555,0.519040,55.764046,0.000109,0.000000,0.000000,0
31416200000,6,277,628,19981,21.070058,0.506180,65.117075,0.000086,0.000000,0.000000,0
31520060000,6,278,669,20062,20.974960,0.436036,68.990363,0.000086,0.000000,0.000000,0
31623420000,6,279,719,20164,23.512646,0.358447,75.347866,0.000086,0.000000,0.000000,0
31726940000,7,280,709,20199,24.267102,0.368197,69.265599,0.000102,0.000000,0.000000,0
31830690000,7,281,681,20252,24.017750,0.404020,65.198978,0.000111,0.000000,0.000000,0
31934300000,7,282,700,20273,23.766670,0.838205,71.202329,0.000102,0.000000,0.000000,0
32038040000,7,283,685,20320,23.783874,0.524860,59.779821,0.000109,0.000000,0.000000,0
32141650000,7,284,674,20368,17.141328,0.365170,70.555880,0.000109,0.000000,0.000000,0
32245260000,8,285,667,20416,22.044428,0.409917,63.069188,0.000087,0.000000,0.000000,0
32348880000,9,286,778,20560,17.366700,0.399443,89.042141,0.000087,0.000000,0.000000,0
32452660000,10,287,870,20659,17.290391,0.432438,88.897708,0.000092,0.000000,0.000000,0
32556240000,8,288,764,20608,16.795047,0.442479,46.469995,0.000086,0.000000,0.000000,0
32659980000,8,289,650,20588,16.575294,0.433613,69.064587,0.000089,0.000000,0.000000,0
32763730000,8,290,686,20684,16.620105,0.313159,65.751075,0.000098,0.000000,0.000000,0
32867470000,7,291,717,20785,16.728533,0.377644,72.585615,0.000086,0.000000,0.000000,0
32971200000,8,292,779,20921,17.783586,0.365538,83.282971,0.000120,0.000000,0.000000,0
33074830000,8,293,829,21023,17.090098,0.405153,79.006054,0.000114,0.000000,0.000000,0
33178560000,8,294,924,21130,17.119415,0.461909,94.047260,0.000100,0.000000,0.000000,0
33282310000,9,295,833,21126,16.663412,0.545786,68.906144,0.000098,0.000000,0.000000,0
33386030000,9,296,829,21167,16.095631,0.507959,84.325113,0.000107,0.000000,0.000000,0
33489780000,8,297,905,21291,16.785584,0.710950,89.028658,0.000097,0.000000,0.000000,0
33593560000,7,298,876,21287,22.826270,1.039528,90.843920,0.000143,0.000000,0.000000,0
33697130000,9,299,874,21391,21.182014,0.813563,115.833085,0.000114,0.000000,0.000000,0
33800870000,7,300,867,21446,18.974656,0.591987,75.901062,0.000122,0.000000,0.000000,0
33904610000,7,301,863,21504,16.713147,0.613717,92.454125,0.000078,0.000000,0.000000,0
34008350000,6,302,877,21678,17.672550,0.625533,99.799472,0.000089,0.000000,0.000000,0
34112090000,9,303,1023,21869,16.469871,0.650516,102.571001,0.000115,0.000000,0.000000,0
34215840000,8,304,1221,22261,16.856327,0.591070,138.312018,0.000101,0.000000,0.000000,0
34319570000,9,305,1394,22282,17.171287,0.706676,84.333569,0.000090,0.000000,0.000000,0
34423340000,8,306,1250,22233,18.343909,0.744603,94.329416,0.000078,0.000000,0.000000,0
34526940000,8,307,1075,22215,18.921557,0.770345,92.174350,0.000115,0.000000,0.000000,0
34630670000,7,308,1007,22316,17.832567,0.603339,94.530267,0.000115,0.000000,0.000000,0
34734300000,9,309,1119,22520,20.978334,0.521618,114.458750,0.000126,0.000000,0.000000,0
34837900000,7,310,1163,22637,20.444943,0.770783,103.126590,0.000080,0.000000,0.000000,0
34941520000,8,311,1142,22694,18.934454,0.912857,99.400804,0.000090,0.000000,0.000000,0
35045260000,9,312,1132,22770,17.693260,0.706913,92.887776,0.000100,0.000000,0.000000,0
35148870000,10,313,1057,22746,18.701837,0.652311,79.104901,0.000077,0.000000,0.000000,0
35252510000,10,314,967,22778,18.088927,0.599800,96.747163,0.000092,0.000000,0.000000,0
35356230000,12,315,989,22847,18.570104,0.820529,97.783537,0.000123,0.000000,0.000000,0
35459850000,10,316,1010,22876,16.326104,0.698995,80.179102,0.000092,0.000000,0.000000,0
35563620000,12,317,908,22866,18.716653,0.618391,75.295321,0.000080,0.000000,0.000000,0
35667200000,14,318,893,22933,18.718485,0.787256,87.400435,0.000090,0.000000,0.000000,0
35770940000,14,319,892,22990,16.760533,0.604142,86.414390,0.000096,0.000000,0.000000,0
35874680000,12,320,841,23011,16.417154,0.557430,73.715714,0.000100,0.000000,0.000000,0
35978300000,13,321,762,22983,16.224778,0.533776,70.982995,0.000112,0.000000,0.000000,0
36082080000,15,322,813,23081,16.749080,0.395877,76.620135,0.000101,0.000000,0.000000,0
36185780000,19,323,846,23171,20.172226,0.503722,88.452666,0.000115,0.000000,0.000000,0
36289500000,13,324,893,23282,17.079152,0.578324,81.704590,0.000088,0.000000,0.000000,0
36393220000,17,325,871,23318,16.595741,0.574482,86.417886,0.000110,0.000000,0.000000,0
36496880000,15,326,806,23354,17.125872,0.817374,90.936607,0.000106,0.000000,0.000000,0
36600490000,19,327,729,23246,15.464173,0.521456,49.260321,0.000120,0.000000,0.000000,0
36704360000,14,328,717,23288,19.858120,0.618034,85.868974,0.000106,0.000000,0.000000,0
36807990000,19,329,686,23281,17.780482,0.424524,46.677486,0.000095,0.000000,0.000000,0
36911770000,22,330,555,23263,18.596144,0.386505,50.245111,0.000101,0.000000,0.000000,0
37015480000,14,331,599,23442,18.095035,0.299829,76.932904,0.000101,0.000000,0.000000,0
37119060000,15,332,671,23556,17.541352,0.264917,69.265984,0.000133,0.000000,0.000000,0
37222810000,23,333,696,23743,19.148111,0.547037,102.367866,0.000093,0.000000,0.000000,0
37326430000,15,334,877,23891,20.743332,0.549326,93.183656,0.000105,0.000000,0.000000,0
37430160000,19,335,759,23827,19.718125,0.485021,38.374682,0.000110,0.000000,0.000000,0
37533780000,19,336,716,23840,20.090779,0.647641,86.443142,0.000081,0.000000,0.000000,0
37637390000,18,337,703,23948,18.512028,0.386380,60.346982,0.000090,0.000000,0.000000,0
37741030000,16,338,733,24042,20.395427,0.447728,81.706294,0.000074,0.000000,0.000000,0
37844750000,15,339,799,24207,18.529761,0.382977,79.419163,0.000089,0.000000,0.000000,0
37948360000,19,340,753,24260,19.601753,0.419355,69.702061,0.000099,0.000000,0.000000,0
38052310000,20,341,804,24375,19.509971,0.461999,84.893005,0.000076,0.000000,0.000000,0
38155720000,20,342,997,24716,35.140791,0.364877,141.033644,0.000095,0.000000,0.000000,0
38362940000,16,343,1198,24717,33.684533,0.542602,141.882204,94.312983,0.000000,0.000000,0
38570230000,20,344,1037,24772,29.463976,1.208831,106.065249,0.000094,0.000000,0.000000,0
38777460000,22,345,1106,24859,28.200985,0.805163,93.198752,0.000090,0.000000,0.000000,0
38881060000,23,346,957,24851,28.554467,0.942023,87.543306,0.000085,0.000000,0.000000,0
38984720000,22,347,989,24998,24.446645,0.667461,100.322351,0.000079,0.000000,0.000000,0
39088300000,22,348,1004,25072,24.784157,0.584243,80.691037,0.000105,0.000000,0.000000,0
39192020000,24,349,973,25141,27.673656,0.540714,86.168027,0.000115,0.000000,0.000000,0
39295720000,25,350,972,25181,25.322996,0.547281,85.131225,0.000116,0.000000,0.000000,0
39399320000,25,351,877,25169,35.653341,0.476960,66.439449,0.000079,0.000000,0.000000,0
39502980000,14,352,902,25084,28.378258,0.464342,118.475653,51.696155,0.000000,0.000000,0
39710390000,17,353,701,25126,28.457703,0.590404,43.670486,0.000104,0.000000,0.000000,0
39814160000,20,354,934,25393,39.894679,0.453879,138.619865,0.000107,0.000000,0.000000,0
39917810000,21,355,1005,25442,25.602950,0.537549,97.387774,51.846617,0.000000,0.000000,0
40125180000,22,356,901,25501,24.968283,0.615599,99.716250,46.246846,0.000000,0.000000,0
40332560000,22,357,935,25677,26.411887,0.446133,101.269666,0.000105,0.000000,0.000000,0
40540000000,23,358,918,25766,33.204151,1.251494,84.123394,0.000106,0.000000,0.000000,0
40643620000,23,359,799,25659,23.262751,0.573049,68.594468,0.000103,0.000000,0.000000,0
40747350000,17,360,759,25692,22.102881,0.447358,78.794060,0.000106,0.000000,0.000000,0
40850980000,19,361,579,25565,27.507620,1.048577,49.436991,0.000113,0.000000,0.000000,0
40954720000,24,362,556,25666,20.061386,0.430859,82.274380,0.000075,0.000000,0.000000,0
41058450000,23,363,793,25868,19.991103,0.253942,107.142761,0.000083,0.000000,0.000000,0
41265810000,19,364,780,25975,21.530193,0.391415,68.993218,0.000100,0.000000,0.000000,0
41370360000,17,365,690,26006,20.805843,0.591129,112.062284,0.000094,0.000000,0.000000,0
41473270000,22,366,776,26176,21.527062,0.356064,74.506447,0.000100,0.000000,0.000000,0
41576790000,16,367,708,26129,20.741049,0.400482,55.836182,0.000086,0.000000,0.000000,0
41680520000,28,368,591,26082,22.641564,0.317660,46.900199,0.000108,0.000000,0.000000,0
41784260000,17,369,642,26238,21.656347,0.312707,100.879385,0.000078,0.000000,0.000000,0
41991400000,20,370,701,26348,26.831151,0.420595,60.763796,0.000085,0.000000,0.000000,0
42094800000,19,371,548,26258,23.320361,0.376054,42.930152,0.000090,0.000000,0.000000,0
42198260000,15,372,472,26324,22.044165,0.286221,60.478437,0.000092,0.000000,0.000000,0
42301840000,16,373,535,26467,22.006129,0.240268,68.555898,0.000101,0.000000,0.000000,0
42405330000,18,374,587,26558,23.082490,0.247574,68.262865,0.000091,0.000000,0.000000,0
42508850000,19,375,616,26609,24.751901,0.279713,72.716629,0.000093,0.000000,0.000000,0
42612350000,20,376,566,26701,23.953272,0.311394,68.578535,0.000090,0.000000,0.000000,0
42715820000,21,377,754,27018,23.968266,0.321413,148.944046,0.000107,0.000000,0.000000,0
42922650000,21,378,966,27246,23.057105,0.381409,98.235952,0.000089,0.000000,0.000000,0
43026190000,21,379,983,26889,24.637837,0.607365,102.226831,50.253467,0.000000,0.000000,0
43233030000,25,380,682,26740,24.790304,0.552397,66.647266,38.510897,43.941010,3.122786,62
43440050000,25,381,689,26989,24.338695,0.328600,70.446211,31.968447,0.000000,0.000000,0
43647150000,23,382,757,26917,21.213522,0.361881,69.636577,58.592023,34.414146,2.861006,66
43957960000,15,383,851,27219,19.216596,0.379162,70.269669,34.575511,30.831328,3.135431,74
44165420000,14,384,748,27317,19.284315,0.461295,56.277900,0.000111,0.000000,0.000000,0
44268910000,12,385,714,27348,18.561914,0.465114,62.281692,0.000098,0.000000,0.000000,0
44372740000,12,386,669,27403,18.508069,0.457117,57.347360,0.000075,0.000000,0.000000,0
44476270000,11,387,595,27430,18.324654,0.368293,51.317350,0.000108,0.000000,0.000000,0
44580030000,12,388,689,27487,18.702774,0.330997,114.044359,29.652339,0.000000,0.000000,0
44787490000,11,389,660,27650,17.273735,0.261777,56.292796,0.000104,0.000000,0.000000,0
44891360000,13,390,901,27897,22.956490,0.369895,86.400149,0.000100,0.000000,0.000000,0
45098960000,12,391,797,27917,18.724316,0.563103,59.781184,0.000131,0.000000,0.000000,0
45203360000,12,392,615,27889,18.004995,0.484031,57.429502,0.000086,0.000000,0.000000,0
45306930000,12,393,630,27971,17.810452,0.350684,63.036312,0.000118,0.000000,0.000000,0
45410680000,12,394,646,28094,17.710093,0.320065,60.484692,0.000077,0.000000,0.000000,0
45514850000,12,395,633,28121,18.208431,0.310344,49.251152,0.000104,0.000000,0.000000,0
45618560000,13,396,591,28125,17.550057,0.283438,51.557008,0.000104,0.000000,0.000000,0
45722540000,14,397,530,28147,18.225165,0.297773,51.143346,0.000083,0.000000,0.000000,0
45826510000,15,398,549,28226,19.184651,0.274525,64.647967,0.000099,0.000000,0.000000,0
45930510000,16,399,544,28299,19.244860,0.320292,61.206609,0.000086,0.000000,0.000000,0
46034570000,16,400,585,28433,19.426999,0.311903,82.462079,0.000105,0.000000,0.000000,0
46138420000,17,401,725,28703,19.412493,0.373834,105.145388,0.000093,0.000000,0.000000,0
46242420000,16,402,821,28783,19.155097,0.397068,62.209373,0.000101,0.000000,0.000000,0
46346350000,20,403,810,28822,19.904186,0.438707,69.063988,0.000112,0.000000,0.000000,0
46450210000,20,404,777,28834,19.619338,0.429216,57.943276,0.000094,0.000000,0.000000,0
46554100000,19,405,694,28847,20.402972,0.428308,64.913950,0.000086,0.000000,0.000000,0
46657810000,20,406,679,29006,19.925289,0.414210,76.512715,0.000115,0.000000,0.000000,0
46761680000,20,407,784,29146,22.683244,0.553980,81.350740,0.000110,0.000000,0.000000,0
46865420000,22,408,844,29231,21.237085,0.626748,79.250843,0.000071,0.000000,0.000000,0
46969180000,22,409,729,29198,21.609132,0.625681,60.604083,0.000130,0.000000,0.000000,0
47072900000,23,410,733,29311,19.108019,0.476613,80.665613,0.000097,0.000000,0.000000,0
47176650000,22,411,710,29356,18.726970,0.372930,52.733005,0.000119,0.000000,0.000000,0
47280390000,23,412,731,29434,19.340475,0.428612,91.547291,0.000090,0.000000,0.000000,0
47384120000,24,413,759,29518,19.287316,0.338680,56.290301,0.000091,0.000000,0.000000,0
47487740000,25,414,666,29515,18.738205,0.405739,57.826271,0.000103,0.000000,0.000000,0
47591510000,26,415,684,29586,19.331404,0.515930,65.886022,0.000102,0.000000,0.000000,0
47695090000,27,416,718,29665,18.635700,0.361669,64.316101,0.000112,0.000000,0.000000,0
47798710000,28,417,696,29704,23.059447,0.613019,56.923042,0.000085,0.000000,0.000000,0
47902330000,29,418,686,29787,20.092144,0.576995,67.693648,0.000085,0.000000,0.000000,0
48006070000,29,419,683,29828,18.936204,0.403537,58.217249,0.000101,0.000000,0.000000,0
48109680000,26,420,684,29921,18.842197,0.464635,73.316008,0.000086,0.000000,0.000000,0
48213880000,28,421,694,29986,18.723650,0.452015,66.456566,0.000074,0.000000,0.000000,0
48316910000,24,422,684,30062,18.529214,0.447612,73.887626,0.000113,0.000000,0.000000,0
48420530000,34,423,726,30149,19.391382,0.464516,76.338431,0.000103,0.000000,0.000000,0
48524140000,35,424,763,30229,19.059416,0.496739,72.778782,0.000120,0.000000,0.000000,0
48627780000,29,425,862,30383,18.460285,0.498572,96.626679,0.000083,0.000000,0.000000,0
48731400000,24,426,950,30514,18.858642,0.593507,91.360332,0.000093,0.000000,0.000000,0
48835360000,24,427,896,30558,18.645091,0.623208,76.634226,0.000101,0.000000,0.000000,0
48938730000,18,428,839,30628,18.185153,0.558653,75.409334,0.000078,0.000000,0.000000,0
49042590000,20,429,897,30758,18.188651,0.529228,89.698944,0.000101,0.000000,0.000000,0
49146090000,14,430,913,30875,18.184214,0.503068,75.275169,0.000076,0.000000,0.000000,0
49249830000,15,431,905,30949,17.989550,0.522805,85.745047,0.000096,0.000000,0.000000,0
49353850000,14,432,919,31051,17.924730,0.467397,83.236894,0.000086,0.000000,0.000000,0
49457610000,16,433,930,31073,18.783737,0.494377,85.715420,0.000092,0.000000,0.000000,0
49560950000,13,434,863,31159,18.904681,0.575962,85.223579,0.000123,0.000000,0.000000,0
49664690000,12,435,939,31307,17.712139,0.469683,102.955977,0.000146,0.000000,0.000000,0
49768340000,15,436,922,31387,22.012741,0.675496,85.519911,0.000085,0.000000,0.000000,0
49872030000,14,437,861,31362,19.518300,0.782440,70.205259,0.000096,0.000000,0.000000,0
49975760000,18,438,791,31406,18.879164,0.576020,67.500682,0.000077,0.000000,0.000000,0
50079370000,18,439,751,31437,18.418515,0.528593,70.824138,0.000085,0.000000,0.000000,0
50183130000,17,440,750,31445,18.976462,0.648118,65.631075,0.000078,0.000000,0.000000,0
50286730000,18,441,746,31540,18.397721,0.621409,89.301935,0.000077,0.000000,0.000000,0
50390360000,20,442,785,31703,19.000993,0.522562,88.065326,0.000093,0.000000,0.000000,0
50494100000,19,443,886,31835,19.572319,0.490902,81.756100,0.000078,0.000000,0.000000,0
50597700000,17,444,864,31904,18.611952,0.552873,75.729302,0.000092,0.000000,0.000000,0
50701310000,18,445,853,31998,19.036023,0.511294,87.872477,0.000078,0.000000,0.000000,0
50805050000,21,446,920,32138,19.501631,0.483399,83.538870,0.000092,0.000000,0.000000,0
50908670000,16,447,919,32189,20.222551,0.503617,87.566046,0.000101,0.000000,0.000000,0
51012410000,16,448,871,32172,19.697191,0.529220,70.984024,0.000090,0.000000,0.000000,0
51116030000,19,449,772,32139,18.922117,0.485710,70.268087,0.000089,0.000000,0.000000,0
51219640000,18,450,708,32139,18.043795,0.430399,61.438505,0.000086,0.000000,0.000000,0
51323380000,19,451,675,32143,18.838262,0.447810,67.414149,0.000100,0.000000,0.000000,0
51427120000,20,452,702,32239,21.948070,0.400984,71.339929,0.000079,0.000000,0.000000,0
51530760000,21,453,743,32315,25.191961,0.399384,75.467355,0.000076,0.000000,0.000000,0
51634350000,24,454,766,32402,22.668086,0.411575,81.342959,0.000103,0.000000,0.000000,0
51738100000,21,455,784,32471,40.292968,0.594743,79.822433,0.000078,0.000000,0.000000,0
51841860000,23,456,798,32445,35.093834,0.674625,67.857802,0.000108,0.000000,0.000000,0
51945450000,22,457,620,32344,33.356910,1.039041,50.261028,0.000070,0.000000,0.000000,0
52049190000,22,458,549,32377,25.633967,0.442950,67.255411,0.000117,0.000000,0.000000,0
52152940000,23,459,664,32543,24.941250,0.286707,65.235740,0.000170,0.000000,0.000000,0
52256550000,23,460,639,32548,29.629707,0.538282,54.373429,0.000104,0.000000,0.000000,0
52360310000,22,461,650,32603,25.697694,0.529092,65.649574,0.000103,0.000000,0.000000,0
52463930000,22,462,695,32746,23.474118,0.459561,78.396109,0.000104,0.000000,0.000000,0
52567650000,19,463,720,32833,22.178119,0.535094,73.974505,0.000086,0.000000,0.000000,0
52671390000,20,464,736,32855,22.966351,0.391910,63.828850,0.000097,0.000000,0.000000,0
52775000000,20,465,674,32877,22.084758,0.395641,63.637115,0.000080,0.000000,0.000000,0
52878630000,23,466,630,32869,21.626621,0.401502,52.481840,0.000098,0.000000,0.000000,0
52982360000,21,467,651,32977,21.167564,0.350811,83.309408,0.000092,0.000000,0.000000,0
53085970000,23,468,550,32924,21.555029,0.333256,33.503702,0.000087,0.000000,0.000000,0
53189580000,23,469,473,32913,23.997128,0.540125,59.830010,0.000104,0.000000,0.000000,0
53293220000,24,470,629,33141,20.961163,0.308858,105.066666,0.000107,0.000000,0.000000,0
53500560000,23,471,800,33362,24.125217,0.422507,121.494428,0.000104,0.000000,0.000000,0
53707910000,20,472,837,33142,23.423461,0.640101,106.757990,44.100686,0.000000,0.000000,0
53915140000,22,473,513,33076,22.220985,0.422137,27.195828,0.000086,0.000000,0.000000,0
54018910000,29,474,530,33138,23.153461,0.234975,41.595613,0.000089,0.000000,0.000000,0
54122510000,26,475,514,33325,22.835171,0.256531