# ORB_Ext(ms), Stereo matching(ms), Preintegrate_IMU(ms), Pose pred(ms), LocalMap_track(ms), NewKF_dec(ms)
316.657723,13.957902,0.000000,0.000000,0.000000,0.000000,52.417327
8.236853,13.712860,0.000000,25.081152,4.767768,0.054288,47.506977
11.247208,13.008306,0.000000,2.884153,4.465195,0.035561,20.746776
7.687285,12.894413,0.000000,2.905289,3.157426,0.052353,37.578173
7.423913,12.128619,0.000000,2.991959,4.401945,0.047484,36.872583
11.357365,12.391166,0.000000,2.216510,5.250183,0.068618,38.639834
12.168364,12.265688,0.000000,2.769854,5.920524,0.061981,34.140557
26.398291,13.568708,0.000000,3.456190,6.439060,0.037234,48.729908
7.703865,12.769602,0.000000,2.851851,5.847832,0.036815,37.221340
7.308415,11.837813,0.000000,2.867073,5.469841,0.036236,53.473700
8.907206,12.755161,0.000000,3.341456,6.109707,0.037652,56.997712
7.055701,12.259327,0.000000,3.586458,6.929617,0.040565,48.079883
7.583871,12.174506,0.000000,3.548660,8.035527,0.045292,49.473695
7.395676,12.521455,0.000000,3.968337,7.255167,0.052404,49.505300
7.143770,12.845458,0.000000,3.930521,7.921407,0.073759,44.156056
7.122532,13.434303,0.000000,3.758786,8.289028,0.053706,58.156117
6.878524,13.150958,0.000000,4.284919,9.028964,0.054522,56.248984
6.764205,13.048043,0.000000,4.515677,9.726104,0.055776,52.375121
7.312119,12.735436,0.000000,4.324180,9.492961,0.055715,49.745706
6.885081,13.538357,0.000000,4.925876,12.198675,0.061776,74.535473
7.569938,12.858671,0.000000,4.681449,11.904212,0.065390,55.681165
7.266896,12.386529,0.000000,4.802625,11.007387,0.059988,56.698367
7.774871,11.882871,0.000000,4.262562,10.465910,0.053588,55.162938
7.344038,12.987593,0.000000,3.763476,10.493217,0.052180,60.741957
7.537933,12.738643,0.000000,3.868094,10.441729,0.057856,55.891701
7.129765,12.811107,0.000000,5.161523,10.588082,0.067881,60.874148
8.464077,12.845296,0.000000,4.053535,11.153080,0.052285,49.508479
8.574722,12.659969,0.000000,4.130119,10.932862,0.052750,41.831960
7.639712,13.269415,0.000000,4.339803,11.659492,0.059930,61.332647
7.789454,13.688339,0.000000,3.772961,11.719790,0.055398,51.887292
7.483648,13.668685,0.000000,4.871671,12.532228,0.062265,56.262860
7.045983,13.171403,0.000000,4.262674,11.611644,0.055255,54.514254
7.164070,13.144242,0.000000,4.874231,12.415389,0.061625,58.810909
6.892157,12.430777,0.000000,4.240305,12.668987,0.061054,48.792416
7.155840,14.076871,0.000000,4.616563,14.747758,0.076498,71.909682
7.122491,13.785489,0.000000,4.713918,14.119189,0.068413,64.238350
7.016624,14.162740,0.000000,4.079907,13.271395,0.067467,66.569230
7.537600,13.842694,0.000000,4.624836,14.080330,0.063952,53.245543
7.150696,14.381622,0.000000,4.725201,13.089454,0.060723,51.256022
7.029460,14.016175,0.000000,4.398806,13.083058,0.064870,55.739658
6.850894,13.764934,0.000000,4.258908,13.561301,0.072221,56.273004
7.081013,13.412070,0.000000,3.843015,12.733691,0.057953,58.828653
7.509628,13.743185,0.000000,4.061974,12.615958,0.061785,47.626797
6.931428,13.254182,0.000000,3.746917,12.209027,0.079361,48.687688
7.530220,12.914334,0.000000,3.604604,12.699414,0.063660,45.730422
7.111560,13.144979,0.000000,3.684453,14.534941,0.061880,40.847595
7.648849,13.443085,0.000000,3.769432,12.886285,0.051453,39.603475
7.698041,13.716175,0.000000,3.567238,13.501506,0.051802,52.036646
7.984336,13.197957,0.000000,3.173886,15.068720,0.036411,55.567853
8.446677,13.134054,0.000000,3.492625,14.910784,0.046677,58.640880
7.035186,13.750147,0.000000,3.315122,13.036659,0.050104,74.531662
6.854915,13.780060,0.000000,3.818786,13.720425,0.062803,57.399773
7.146543,15.468272,0.000000,5.117736,17.061382,0.076750,80.500929
7.672694,14.319042,0.000000,4.197839,15.250138,0.066297,69.744596
6.953048,13.235485,0.000000,4.056539,15.807489,0.064507,48.748014
7.367130,12.694846,0.000000,4.157165,15.149679,0.048503,49.386642
9.912158,13.895864,0.000000,3.908990,18.249718,0.062407,72.279221
7.401866,13.801148,0.000000,4.058112,18.925767,0.112616,63.700084
7.101900,13.235019,0.000000,4.061756,17.519685,0.059451,70.924464
7.500217,12.878840,0.000000,4.186599,18.234465,0.068386,57.267873
7.565873,13.737847,0.000000,4.167243,16.098329,0.059765,71.330036
7.419137,13.038164,0.000000,5.003662,18.201632,0.061441,57.876889
7.140362,14.224469,0.000000,5.200708,18.695563,0.078996,88.488522
7.402813,13.392887,0.000000,4.657881,15.157303,0.063478,60.933359
7.112657,13.315406,0.000000,3.959033,15.861638,0.058458,55.286234
7.087263,13.493804,0.000000,4.271017,15.112635,0.061350,50.816653
7.558963,13.488375,0.000000,4.562389,15.634484,0.052838,51.651298
6.989176,12.744857,0.000000,4.583020,15.099895,0.052257,48.341969
7.334247,13.359222,0.000000,4.455429,16.342079,0.060681,50.169887
12.021246,13.588893,0.000000,3.604499,20.731319,0.059574,81.422774
8.959374,13.290260,0.000000,3.078242,14.846640,0.050101,43.851966
8.068830,13.619671,0.000000,3.763682,19.133049,0.060089,52.452353
7.868443,13.578596,0.000000,3.335143,16.803298,0.064025,51.754130
7.610617,13.972330,0.000000,3.714970,18.559530,0.068478,48.345885
7.318749,13.220818,0.000000,3.317295,14.835998,0.046490,44.614462
8.028648,14.426358,0.000000,3.695728,15.797899,0.060422,40.526503
11.929565,13.448600,0.000000,3.561251,18.455330,0.070999,48.957283
8.331650,16.339642,0.000000,4.481559,12.622253,0.043840,42.127797
11.910643,13.112113,0.000000,4.392449,25.183098,0.056200,59.967419
15.143631,15.029389,0.000000,4.188939,24.809554,0.056643,79.431337
7.784782,14.877332,0.000000,5.000914,21.759308,0.076560,73.451578
7.873040,15.702197,0.000000,5.257498,22.286688,0.079851,67.452629
7.632238,14.624333,0.000000,5.483595,20.148589,0.067483,54.614447
7.809522,14.372340,0.000000,5.371774,19.555149,0.062555,60.909477
7.338530,14.234063,0.000000,5.107534,21.027064,0.058649,56.697104
7.761093,14.157791,0.000000,5.291715,21.281220,0.065299,52.284729
7.036260,14.312434,0.000000,4.527777,21.491579,0.069208,53.382282
7.787392,14.525794,0.000000,5.888023,23.362598,0.086379,59.122096
8.643654,15.269985,0.000000,5.640087,26.895091,0.066648,76.927425
10.103028,14.515274,0.000000,6.806795,25.554241,0.087466,82.405159
7.735128,13.931417,0.000000,6.278665,23.851841,0.078052,76.461955
6.981876,13.680087,0.000000,6.166604,22.791876,0.071605,76.853210
7.757192,13.584805,0.000000,6.164212,24.056097,0.075283,66.297906
7.608980,13.587099,0.000000,7.530703,24.790291,0.080869,65.167785
7.722281,13.588482,0.000000,6.358549,21.065867,0.074796,29.316617
10.433264,12.428925,0.000000,5.596571,23.017136,0.074793,49.951551
7.590665,13.053591,0.000000,5.886219,20.009505,0.087397,59.866201
7.536498,13.386035,0.000000,5.222755,23.724978,0.065868,70.869904
7.540176,13.634477,0.000000,5.855368,23.238284,0.077883,83.335504
7.528429,15.022646,0.000000,7.007445,29.916045,0.106746,87.888389
7.823044,15.739889,0.000000,7.118486,28.388372,0.099883,78.505756
7.410048,14.729325,0.000000,7.118420,29.100851,0.132374,39.078691
9.138131,13.531083,0.000000,5.384529,26.400139,0.067499,63.311840
7.644290,14.223400,0.000000,7.443509,24.426555,0.081109,53.151559
8.106870,14.497956,0.000000,5.604596,20.676346,0.091343,139.105091
8.058906,14.754112,0.000000,7.579037,47.989006,0.119936,64.637604
8.856678,14.855413,0.000000,6.945730,27.670979,0.145445,37.874299
7.243971,14.731579,0.000000,6.777389,23.818312,0.078010,79.009625
7.553048,13.924077,0.000000,6.563497,17.059128,0.073901,25.754414
8.941952,13.282723,0.000000,4.370484,15.961398,0.081603,22.039555
7.658255,12.854388,0.000000,4.179091,12.946780,0.079186,51.827659
7.285029,14.949827,0.000000,5.252261,13.624278,0.063701,104.139000
8.102119,14.006147,0.000000,6.505806,16.360683,0.075578,24.230614
8.658346,12.293751,0.000000,4.904496,14.977901,0.082822,66.513754
8.619259,13.799801,0.000000,11.124100,18.002738,0.093286,32.177338
9.964782,12.516755,0.000000,4.175222,16.048952,0.095861,72.401572
7.196853,13.028478,0.000000,7.171069,18.151894,0.080146,26.980273
11.839273,12.206409,0.000000,4.511426,14.947376,0.088647,20.755893
7.665594,12.045973,0.000000,4.434673,14.055536,0.138689,55.263824
8.038456,12.436331,0.000000,5.177364,13.730583,0.069951,20.323969
9.640546,11.588341,0.000000,2.790849,13.792079,0.072160,53.925976
7.819628,12.308614,0.000000,4.984556,10.456341,0.055096,81.223573
8.180357,12.079577,0.000000,5.006647,11.288528,0.063124,17.417896
8.953691,11.324074,0.000000,5.350012,13.934378,0.090036,55.420869
8.511673,11.782595,0.000000,4.513205,10.383670,0.065547,60.613962
8.246411,11.108366,0.000000,4.684472,10.624175,0.051118,50.016637
7.947197,10.957519,0.000000,4.945811,10.664971,0.062112,59.191566
7.900663,11.490168,0.000000,4.348252,9.733746,0.065528,56.947983
7.842347,10.942463,0.000000,4.185889,9.569030,0.084453,44.532569
7.912901,11.222017,0.000000,3.977814,10.129778,0.063668,55.295501
7.980364,11.286294,0.000000,3.867168,10.620074,0.058764,39.079495
7.828955,11.313554,0.000000,4.354672,9.899635,0.058777,51.018799
7.755119,11.209422,0.000000,3.996821,10.180274,0.052015,47.676097
7.639579,10.838449,0.000000,4.402904,10.702546,0.049200,31.331377
8.063097,10.700130,0.000000,4.087591,10.540204,0.046797,35.757948
7.890517,10.686474,0.000000,3.630742,10.755509,0.056923,58.751526
7.876066,11.658885,0.000000,3.753600,11.069077,0.056959,46.630257
7.868130,11.276333,0.000000,3.801089,12.421592,0.050669,35.961227
7.356121,10.724639,0.000000,3.227950,10.437211,0.049564,41.037253
7.365023,10.467711,0.000000,3.230035,11.021905,0.053651,50.696113
7.132901,12.054447,0.000000,3.912150,12.409959,0.062304,48.168533
7.596343,11.963947,0.000000,3.699448,12.377591,0.056482,51.364099
6.856514,13.880235,0.000000,4.645107,12.743180,0.061470,63.970309
7.254297,14.437856,0.000000,4.514944,13.888147,0.068418,64.757496
7.120627,14.100329,0.000000,4.981986,13.765095,0.060688,55.281338
7.404272,14.202258,0.000000,4.658829,14.167699,0.061939,54.495199
7.570221,14.908948,0.000000,5.033515,16.351626,0.076214,22.886529
10.240486,14.084855,0.000000,3.904533,14.814603,0.075904,38.096598
6.717066,14.984457,0.000000,4.737290,15.571803,0.055098,45.257691
7.087697,14.783216,0.000000,4.342794,14.040248,0.053903,39.492686
6.976396,15.386914,0.000000,5.270703,15.479657,0.066903,68.117321
6.741310,15.307857,0.000000,4.441889,14.028610,0.068397,56.370994
6.989988,14.844557,0.000000,5.143498,14.467407,0.061554,66.950287
9.493866,13.972937,0.000000,4.982822,17.303097,0.050348,47.338814
11.560013,13.357410,0.000000,4.749717,16.824520,0.065860,53.824012
12.423435,13.562747,0.000000,4.402718,16.850110,0.052074,56.387829
7.770494,13.293857,0.000000,4.761863,16.313019,0.048437,44.564695
9.379443,13.351033,0.000000,3.994818,15.870733,0.061812,70.592349
7.796373,14.335999,0.000000,4.006413,16.412649,0.060171,88.487042
7.111688,14.024814,0.000000,5.084927,18.788959,0.070823,25.490685
11.104171,12.400906,0.000000,3.269407,17.725937,0.078342,62.889885
7.756975,13.252730,0.000000,5.211958,16.800620,0.069657,87.686000
7.720106,13.186296,0.000000,4.858752,18.044619,0.068274,54.927416
7.277123,12.214930,0.000000,3.863747,17.082328,0.058199,72.720364
9.887259,12.990458,0.000000,3.878062,18.147530,0.161605,87.330321
7.852093,12.759745,0.000000,4.152287,19.362212,0.061644,50.464761
7.035616,12.094622,0.000000,3.680158,17.480990,0.052639,43.607755
7.654242,12.045643,0.000000,3.345272,15.572591,0.044294,50.237049
7.501262,11.867453,0.000000,2.624664,14.716696,0.048731,74.614557
7.797876,13.283327,0.000000,3.916338,19.899469,0.072860,82.797826
8.037132,12.779444,0.000000,4.338423,19.914456,0.073797,64.679370
7.414584,12.196853,0.000000,4.021860,17.554861,0.061672,64.453315
7.747224,13.000251,0.000000,4.186854,19.690248,0.080498,67.989640
7.374904,13.120513,0.000000,3.951243,18.343783,0.072050,55.929405
6.897143,11.671419,0.000000,3.832380,19.022880,0.068401,58.901474
7.084442,12.748211,0.000000,4.033168,18.831903,0.061253,49.605375
7.903808,13.391043,0.000000,3.466724,13.823097,0.060543,59.791750
7.020955,13.228203,0.000000,3.915950,17.087808,0.060528,67.052736
7.042876,12.316109,0.000000,4.291293,20.662747,0.059795,55.444594
6.921773,12.137005,0.000000,4.003249,18.707991,0.060324,62.727808
6.845544,11.901859,0.000000,4.362400,18.734316,0.062555,57.253157
6.835799,12.714704,0.000000,3.642809,19.847518,0.059161,52.537175
6.969403,12.800730,0.000000,3.796505,19.076849,0.049803,53.883628
7.651360,12.648274,0.000000,3.215750,15.741816,0.053968,50.404470
7.112098,13.005856,0.000000,3.137564,18.546401,0.054082,54.739794
7.540141,12.716784,0.000000,3.217365,16.303576,0.048422,45.479295
7.100301,12.968811,0.000000,3.237993,15.801449,0.049856,46.856073
7.108311,12.464583,0.000000,3.128473,19.017797,0.042101,45.973407
7.950649,12.780753,0.000000,3.628020,20.964745,0.047904,26.070995
9.563877,11.770538,0.000000,2.779973,17.251383,0.045468,21.520338
7.697690,12.598047,0.000000,3.301790,17.307347,0.063647,22.161053
7.592964,12.341422,0.000000,2.036802,15.961882,0.045071,19.104224
7.646052,12.159353,0.000000,1.822174,15.444592,0.044948,18.716979
7.588379,11.575860,0.000000,1.409140,13.720632,0.042427,31.675467
7.488538,11.598194,0.000000,2.210403,14.578391,0.057720,17.930661
11.318678,10.907766,0.000000,1.928042,13.193826,0.086200,34.064487
7.824786,11.439522,0.000000,2.068691,16.125619,0.031697,19.341909
9.179872,10.957716,0.000000,1.857540,14.740172,0.041643,17.817135
7.652287,12.177651,0.000000,2.857767,22.517824,0.041480,26.864407
7.539305,12.019708,0.000000,1.686988,11.385881,0.044080,13.965419
7.767186,11.022141,0.000000,1.387744,10.733918,0.055442,31.985329
7.696111,11.634599,0.000000,2.555991,11.194753,0.043448,73.019065
7.653667,11.692181,0.000000,3.636346,10.845093,0.064928,55.655855
7.280035,11.260376,0.000000,3.904110,12.865579,0.060812,71.003401
7.092678,11.330641,0.000000,3.950114,12.818320,0.068578,59.905221
7.408288,11.515186,0.000000,3.976911,12.302224,0.063590,17.389665
8.424544,11.207141,0.000000,2.478207,8.034903,0.069344,44.925479
7.268841,11.539520,0.000000,3.161445,7.296863,0.079502,11.559019
8.090768,10.455228,0.000000,2.062962,6.954986,0.070978,37.149169
7.760888,11.471100,0.000000,2.915702,6.889559,0.061615,34.589070
7.368085,11.673205,0.000000,2.593904,5.985538,0.068002,50.632891
6.996255,12.645212,0.000000,3.346679,6.324595,0.045145,53.014443
7.199179,12.621794,0.000000,3.784565,7.414434,0.055244,45.398267
7.377476,13.547073,0.000000,3.753137,6.989323,0.041260,65.758963
7.512490,13.117817,0.000000,5.170550,8.153216,0.050615,43.989909
7.225206,12.621428,0.000000,4.647872,7.655819,0.047897,51.029309
6.808431,13.562760,0.000000,4.671751,8.223756,0.046171,43.101364
7.567235,13.151470,0.000000,4.968960,9.449811,0.045241,50.618463
7.253416,14.961311,0.000000,5.055773,10.400245,0.064745,57.819492
7.422751,13.924340,0.000000,4.946714,10.673631,0.063355,53.476441
6.818675,14.441891,0.000000,5.310473,10.601734,0.058232,81.956548
7.406207,14.619477,0.000000,5.734942,11.112193,0.066225,68.321766
6.928735,14.062384,0.000000,5.578496,12.145973,0.062464,48.541529
8.648194,14.231580,0.000000,5.730428,10.587357,0.071480,96.251044
8.624841,14.152089,0.000000,6.096407,14.118938,0.081009,21.518689
7.254783,13.445430,0.000000,4.857153,14.539962,0.078872,67.268557
7.404712,14.538925,0.000000,6.170776,15.190571,0.066561,70.191378
7.291555,14.470584,0.000000,6.584259,14.286980,0.087110,72.176586
7.542043,13.564691,0.000000,5.763547,14.441209,0.067096,68.364460
7.081421,13.537038,0.000000,6.183488,13.416204,0.067080,46.982279
7.074538,14.267489,0.000000,5.037996,12.141643,0.061692,83.239852
7.108649,14.619365,0.000000,7.081070,16.573944,0.078987,64.789869
7.857295,13.792215,0.000000,6.629160,15.343901,0.071206,84.730273
7.489636,13.868430,0.000000,6.906471,15.557658,0.080329,73.189427
7.216759,14.897755,0.000000,6.286192,16.132683,0.077417,78.242365
7.144792,14.603589,0.000000,6.812048,18.504144,0.088942,79.877708
7.091683,13.633851,0.000000,5.842773,17.688731,0.067703,74.827813
7.172459,13.462703,0.000000,5.419921,15.477833,0.066657,56.977673
6.897813,14.189874,0.000000,5.379893,15.875626,0.058728,63.945894
7.724520,13.468441,0.000000,4.760444,18.382293,0.060310,67.931486
11.346239,13.147819,0.000000,4.767266,18.949503,0.081506,67.876433
7.306769,13.799078,0.000000,5.155801,16.269284,0.059654,55.766886
8.193976,13.587798,0.000000,5.175865,18.877040,0.066590,77.793569
11.798760,13.411961,0.000000,4.835492,18.510662,0.082754,47.396761
11.758461,13.504821,0.000000,4.723469,20.913064,0.037512,69.166243
10.800962,17.963224,0.000000,4.138127,16.105593,0.071568,35.662377
8.342572,17.190593,0.000000,6.991971,54.958188,0.073448,93.533110
13.511880,19.033086,0.000000,3.166577,16.393486,0.063480,55.804581
13.622231,14.053140,0.000000,4.421591,19.002548,0.069968,48.413366
13.633645,13.169420,0.000000,3.979347,15.796868,0.064938,36.801579
12.340045,13.828779,0.000000,3.871185,31.118219,0.127980,57.912061
12.503442,13.162661,0.000000,3.516643,17.549448,0.050474,36.545205
11.643775,14.649586,0.000000,3.704737,18.650059,0.074114,44.273120
11.551290,14.136735,0.000000,3.298228,18.207507,0.086559,84.643652
7.031394,15.413774,0.000000,5.095312,18.145411,0.055570,72.187294
10.759654,14.631751,0.000000,5.379152,23.732708,0.084862,60.042487
6.972194,14.295382,0.000000,5.219300,18.802232,0.048797,54.951066
12.337942,15.670089,0.000000,4.803352,19.380920,0.066887,58.373591
11.884666,14.944655,0.000000,4.708534,19.343450,0.080933,45.659038
12.022124,14.510026,0.000000,4.211482,19.649656,0.129649,43.258237
10.335248,14.764716,0.000000,3.874921,20.986698,0.076179,42.232121
11.518292,14.612146,0.000000,3.719459,20.141098,0.055684,41.138315
6.927002,14.564145,0.000000,4.043704,17.220831,0.064683,54.217581
7.635498,16.185666,0.000000,4.216179,19.717886,0.066101,66.901771
11.180285,15.850913,0.000000,3.443974,24.643609,0.045825,77.614250
11.677272,15.609149,0.000000,4.306068,25.239572,0.056827,111.290047
7.266435,15.380309,0.000000,4.394519,18.924589,0.053622,77.938239
6.740109,15.106540,0.000000,3.138750,20.298976,0.070441,68.009989
6.985055,15.423241,0.000000,3.740514,22.461703,0.092610,57.003527
10.913510,14.395479,0.000000,3.915804,21.601941,0.070418,50.690983
11.178826,13.899917,0.000000,2.422604,19.765436,0.055105,44.968237
11.620329,13.715219,0.000000,2.880339,20.079841,0.050359,91.380811
6.751907,15.157845,0.000000,5.906283,22.024105,0.078799,88.164464
11.099105,15.337142,0.000000,5.159484,23.735333,0.057656,80.906571
10.367642,14.718965,0.000000,5.194776,27.253205,0.099628,78.401870
7.037868,14.577941,0.000000,5.279968,20.387759,0.080801,83.923377
7.094120,15.216753,0.000000,5.038723,21.695892,0.071799,76.225307
7.084876,14.947950,0.000000,5.051871,21.005953,0.072437,76.248379
7.613122,13.824707,0.000000,5.007128,22.228740,0.064313,73.915722
7.220094,13.784281,0.000000,4.394669,21.842345,0.070826,72.960478
7.164210,14.054786,0.000000,4.708246,22.145415,0.066098,71.802894
7.249530,14.035111,0.000000,6.034674,24.839191,0.087217,78.650418
6.701599,13.920030,0.000000,4.286805,22.471786,0.072013,78.478032
6.885580,13.658304,0.000000,5.376920,21.613842,0.065221,75.764278
7.596167,13.146151,0.000000,3.855269,22.878710,0.065696,63.433768
7.638079,12.255060,0.000000,3.380702,19.301276,0.052162,63.632511
6.939406,12.027767,0.000000,3.384108,21.317299,0.049624,46.559204
7.569873,12.439212,0.000000,2.830787,17.601169,0.039660,43.354057
7.402492,13.581432,0.000000,3.007198,22.757677,0.064356,69.149832
7.684057,14.112085,0.000000,3.353819,20.886988,0.085718,76.480738
7.355332,13.878718,0.000000,4.285612,23.625476,0.060009,71.730961
7.238101,13.900555,0.000000,4.152613,21.426808,0.055112,70.292739
6.917607,14.556903,0.000000,5.366210,22.366944,0.070720,84.442700
7.337281,15.018788,0.000000,4.436710,23.740098,0.069336,78.526462
7.564601,14.435569,0.000000,4.472564,22.184080,0.059118,80.765646
7.196682,14.414876,0.000000,4.470516,16.484206,0.051251,74.695743
8.749555,13.353815,0.000000,4.541804,23.128057,0.057107,83.586124
11.912535,13.386370,0.000000,4.379114,25.163791,0.045371,104.406986
9.677765,19.067462,0.000000,4.821778,27.615674,0.037596,117.204765
12.273864,14.338786,0.000000,5.158789,59.114531,0.045563,160.798610
10.306055,20.244344,0.000000,4.773250,15.462766,0.053565,73.243947
7.919646,13.747326,0.000000,3.685817,16.937004,0.054064,74.103085
7.522000,13.278364,0.000000,3.631560,18.462740,0.050643,64.901772
11.458691,15.189246,0.000000,3.679951,17.849677,0.062558,61.936987
6.856338,14.515361,0.000000,3.390112,13.796648,0.038689,64.200799
7.142325,15.442256,0.000000,3.596949,13.796364,0.042904,58.685526
7.294554,14.505071,0.000000,3.354126,14.570783,0.037027,65.154428
8.619786,14.013642,0.000000,3.437269,15.529234,0.032808,57.675344
11.267030,13.698555,0.000000,3.328162,15.426622,0.043488,56.077290
13.420598,14.071910,0.000000,3.836388,20.706944,0.044255,63.206033
12.253798,13.330972,0.000000,3.255033,17.373462,0.052245,51.739367
12.122344,13.387601,0.000000,2.980464,19.024484,0.036393,69.103683
9.032227,16.023750,0.000000,3.649019,14.429380,0.029500,69.513575
7.290044,14.146510,0.000000,3.140956,13.819391,0.049189,63.385184
10.242155,13.568237,0.000000,3.333209,15.524995,0.034701,56.723067
12.742890,13.747905,0.000000,3.172901,15.936547,0.073106,46.292610
11.238349,13.803732,0.000000,4.170790,16.300090,0.032612,63.769958
9.240525,13.548303,0.000000,3.860764,15.314185,0.031430,62.256544
7.107674,13.571747,0.000000,3.854187,13.224447,0.041566,68.223743
6.755317,14.636400,0.000000,3.437866,15.233269,0.043512,74.264686
7.444451,14.232905,0.000000,3.309396,11.973277,0.050932,73.770954
7.216836,14.143832,0.000000,3.644447,14.493561,0.055547,66.654005
9.816030,13.463100,0.000000,3.543873,13.256458,0.026817,76.545069
7.186044,13.737365,0.000000,3.697877,12.014361,0.051861,73.057615
7.266727,14.688525,0.000000,4.006976,14.616166,0.070515,75.427063
7.534782,14.324679,0.000000,5.857868,17.923328,0.076730,81.547055
6.978478,21.931976,0.000000,4.894655,23.296320,0.083396,88.777612
11.549599,14.011948,0.000000,3.522365,18.412924,0.039249,70.660323
10.390594,22.291420,0.000000,4.538086,11.895269,0.046231,64.301998
12.249853,14.926238,0.000000,3.616755,15.905490,0.039613,103.576774
7.470002,14.985755,0.000000,4.639957,12.949616,0.062169,89.016912
6.818698,14.458805,0.000000,4.043265,14.186244,0.064820,130.171880
7.157070,14.403114,0.000000,5.908568,16.067114,0.077071,81.350749
7.304167,14.597887,0.000000,6.094900,15.055751,0.071230,77.116548
7.524789,13.857334,0.000000,5.690234,14.295724,0.061285,86.292337
6.909968,13.683239,0.000000,5.620858,11.405561,0.056818,91.265076
7.059509,15.488335,0.000000,6.140930,17.565363,0.089145,107.370818
7.474602,14.333707,0.000000,5.639794,19.355862,0.099502,101.587335
7.406495,13.395069,0.000000,5.025591,14.942634,0.068743,87.911226
6.670610,12.497784,0.000000,5.300882,12.306085,0.067261,85.021594
7.414532,13.013439,0.000000,4.985120,12.038022,0.065562,79.509166
6.625082,13.349556,0.000000,3.921334,14.209901,0.059654,90.076460
7.102297,14.401606,0.000000,4.421763,12.293572,0.174573,90.332145
7.492435,13.712602,0.000000,4.208695,15.338028,0.065561,70.696380
7.503443,13.319470,0.000000,4.238184,15.635311,0.064731,67.933616
7.168881,13.576816,0.000000,3.811483,13.861368,0.069084,80.175363
7.517211,13.428297,0.000000,4.026768,13.103917,0.066496,76.308472
7.293908,13.148078,0.000000,3.308808,11.200534,0.050957,64.643571
6.998152,13.285976,0.000000,3.194435,11.745331,0.051810,58.235859
7.366185,12.819643,0.000000,3.832760,14.533198,0.051905,64.529192
6.488000,13.405966,0.000000,5.921354,17.960950,0.065135,88.866592
7.101369,13.321629,0.000000,3.496153,11.682662,0.054616,65.886798
6.993029,13.253995,0.000000,3.393200,11.174356,0.041654,60.313049
11.182020,13.844312,0.000000,3.248480,16.933823,0.060657,83.566814
11.115445,14.105432,0.000000,4.133849,15.079582,0.044846,58.185741
6.943554,14.443246,0.000000,4.323036,14.459817,0.062099,57.882783
11.528205,13.885449,0.000000,4.473226,15.953007,0.041695,48.888695
6.917401,13.664492,0.000000,4.713726,14.880195,0.058016,51.439768
7.011913,13.769735,0.000000,3.783390,11.336592,0.048259,47.349341
11.250256,13.485370,0.000000,3.708390,13.529823,0.048057,53.528138
12.112525,13.951783,0.000000,3.988182,21.601848,0.056447,101.056391
9.469078,14.113668,0.000000,4.996196,17.068680,0.071556,71.979733
11.089883,13.230270,0.000000,4.908036,17.216384,0.076989,60.512971
7.151320,14.294233,0.000000,5.995833,14.716046,0.149077,62.704613
9.839460,13.477409,0.000000,4.576953,18.859136,0.077280,65.522960
7.496501,13.578543,0.000000,4.802631,14.378828,0.059332,59.531261
10.893610,13.031989,0.000000,4.485604,19.580174,0.045698,64.336620
12.600177,13.084045,0.000000,4.678087,19.623260,0.051971,79.869498
6.803026,13.612635,0.000000,5.118171,15.858655,0.060322,70.591291
8.011439,13.124513,0.000000,4.587747,18.286327,0.096486,27.064333
14.454721,13.153300,0.000000,3.259873,16.069815,0.078838,98.415820
7.651479,14.736299,0.000000,4.928996,18.865702,0.057407,29.121002
12.107473,13.175634,0.000000,4.109292,21.912362,0.082354,127.359606
8.054824,16.004317,0.000000,7.866968,69.149799,0.112476,82.556726
7.634315,15.502592,0.000000,4.018854,20.736908,0.085120,93.089555
8.329734,14.292179,0.000000,5.835869,22.115435,0.076256,100.121807
7.039916,14.486372,0.000000,5.757619,18.767719,0.070376,85.283554
7.578189,13.690384,0.000000,5.174427,19.220194,0.062420,99.014674
7.209629,12.889165,0.000000,4.822844,18.900779,0.060600,83.757147
7.325058,13.510942,0.000000,4.561413,18.799182,0.060740,84.506409
6.920680,13.250713,0.000000,3.926452,19.172558,0.043810,84.065361
7.348868,13.276383,0.000000,4.402336,19.663641,0.061430,77.360405
7.102929,12.988268,0.000000,4.530261,20.309924,0.064085,26.608349
9.049656,11.862295,0.000000,3.288662,18.669827,0.090026,82.784398
7.559734,13.656008,0.000000,5.323817,39.423494,0.090189,111.910156
9.078134,27.090799,0.000000,10.714056,40.992742,0.128489,133.097292
7.405694,13.728410,0.000000,5.422850,21.688743,0.069246,29.204513
10.221058,12.548523,0.000000,3.435630,19.697436,0.081861,65.680624
7.164398,13.439977,0.000000,5.764350,24.083196,0.089918,31.988179
10.957969,13.084246,0.000000,3.268666,20.421230,0.073873,68.791459
7.167342,13.730650,0.000000,4.522434,20.184807,0.077422,33.880538
11.972711,12.544867,0.000000,2.893066,17.284852,0.063143,61.483571
12.864816,23.514537,0.000000,5.138882,49.876058,0.071206,125.194728
8.031875,12.970933,0.000000,4.418727,22.310387,0.061955,72.504909
7.715712,12.941942,0.000000,4.015827,19.008427,0.053281,59.058635
14.733308,13.382871,0.000000,2.773321,37.691293,0.056778,72.060958
7.191693,13.327680,0.000000,2.983051,19.464696,0.041510,61.255704
9.685227,12.380895,0.000000,3.623515,20.320123,0.050099,25.494559
11.273291,12.816797,0.000000,3.218296,17.761672,0.056211,48.596599
7.611316,14.353415,0.000000,5.915579,26.021596,0.066090,70.856946
7.015208,14.021671,0.000000,4.700291,22.784919,0.060583,96.656919
6.856666,13.831125,0.000000,5.282049,18.357121,0.055483,59.851467
10.921562,12.980713,0.000000,5.053782,20.544493,0.065160,52.513631
9.441839,12.692730,0.000000,5.569057,20.726090,0.039497,52.173086
7.031456,12.814472,0.000000,5.726931,20.917249,0.048942,28.092464
11.397476,12.781468,0.000000,4.379542,20.393196,0.077862,45.645488
6.571204,14.275053,0.000000,6.552495,21.334985,0.075774,48.938528
8.465397,13.589072,0.000000,5.517891,21.602981,0.055810,52.516366
6.889399,13.757450,0.000000,5.578798,21.033904,0.055762,58.385841
6.975146,14.268340,0.000000,5.399181,22.083889,0.057235,64.852304
6.508064,14.164991,0.000000,6.444136,22.797142,0.054481,66.225158
6.568161,13.964271,0.000000,6.159576,22.571865,0.052014,55.742015
11.409035,13.698137,0.000000,5.507087,23.764906,0.050834,76.583956
6.858873,15.187660,0.000000,5.882384,24.006717,0.072221,31.355988
8.558350,14.636627,0.000000,4.417766,24.059785,0.081654,88.330686
6.776347,15.554564,0.000000,6.815819,24.704511,0.086409,90.119525
6.867221,14.864841,0.000000,7.784546,26.645842,0.078971,36.107050
10.551011,14.515109,0.000000,6.949938,34.579766,0.144654,71.616823
7.552208,14.726805,0.000000,9.870320,28.246933,0.105848,39.977865
9.024404,14.307350,0.000000,4.400461,26.165894,0.083225,62.610251
7.483695,14.356037,0.000000,5.098880,20.429595,0.086944,27.231053
10.690726,13.552492,0.000000,3.912603,18.482608,0.068218,58.088749
6.922765,15.142576,0.000000,5.543348,16.670199,0.072007,23.707980
9.805816,13.468373,0.000000,3.400076,16.645193,0.092201,21.450931
6.756256,14.189486,0.000000,3.383005,10.953886,0.078112,55.681830
7.049321,15.989067,0.000000,5.459266,13.872932,0.070800,20.770406
8.672404,14.164856,0.000000,3.643035,12.230390,0.070742,47.105401
6.944369,14.823803,0.000000,4.815971,11.599389,0.087209,62.717933
6.879264,16.947813,0.000000,5.194440,12.854492,0.072418,62.267160
6.731394,14.570416,0.000000,4.063865,10.851392,0.052356,39.927719
6.950348,14.033405,0.000000,4.793641,10.603252,0.050791,45.107944
6.295825,15.565355,0.000000,5.929808,12.842362,0.055729,20.133468
9.609739,13.254865,0.000000,4.198217,12.655717,0.073684,65.905159
6.938562,13.805013,0.000000,4.701712,12.174794,0.075118,56.434222
8.376815,13.268045,0.000000,4.453599,14.038298,0.120499,19.738925
7.935235,13.209223,0.000000,4.233230,11.620302,0.074876,47.161972
7.108884,13.426736,0.000000,4.814448,11.278463,0.050435,49.412167
7.474689,13.955289,0.000000,5.407107,12.828921,0.075815,55.507220
7.195844,14.531851,0.000000,4.785237,11.578737,0.065408,57.808668
6.811883,12.551966,0.000000,4.573941,11.986492,0.060896,49.317711
7.481919,12.921990,0.000000,4.930138,9.931662,0.052386,46.040958
7.274545,12.909502,0.000000,4.428803,10.387367,0.051512,38.460647
7.650144,12.819355,0.000000,4.861670,9.883431,0.046337,42.070946
6.735833,14.346724,0.000000,6.866953,13.528334,0.060961,58.802778
6.612883,14.279517,0.000000,7.053021,11.814971,0.052690,58.728266
7.533117,14.624354,0.000000,5.109554,11.199329,0.056088,69.164234
7.394491,14.425124,0.000000,5.821411,13.348689,0.056148,88.945410
10.008243,13.671179,0.000000,5.156995,14.069817,0.064409,69.237891
7.803105,13.428041,0.000000,5.194540,12.500799,0.062109,59.317482
7.291910,13.196995,0.000000,4.767863,12.762280,0.054708,51.783300
6.974140,14.213232,0.000000,6.648234,14.342334,0.061016,61.533043
7.036295,13.582296,0.000000,4.123891,12.389525,0.051622,76.942105
6.718725,15.233748,0.000000,4.809210,13.507580,0.126696,67.603856
7.848489,14.614047,0.000000,6.724429,15.280776,0.069209,64.605173
11.568017,14.488156,0.000000,4.874149,19.070376,0.126645,75.313542
7.509403,14.649663,0.000000,4.449234,14.057233,0.058614,59.772932
8.159685,14.001692,0.000000,4.325301,15.171601,0.085099,59.548007
7.186132,14.382538,0.000000,4.580281,13.174376,0.052669,54.927426
11.473564,13.947871,0.000000,3.778627,15.728198,0.073819,43.330387
11.439743,14.256570,0.000000,4.129308,16.089676,0.076171,43.876669
11.796981,14.852807,0.000000,4.610355,22.891865,0.080306,62.799647
12.175273,14.728722,0.000000,4.587324,17.646660,0.048103,52.216083
12.539766,14.564779,0.000000,4.915910,15.880387,0.072838,44.409219
11.240637,14.344595,0.000000,4.582208,20.076026,0.091419,63.615544
12.321596,14.138510,0.000000,4.430468,18.421232,0.048649,57.062736
11.490705,13.954264,0.000000,4.307307,17.688341,0.059892,64.686276
10.700350,13.574247,0.000000,4.200663,18.320901,0.059776,64.244540
9.355523,13.345328,0.000000,4.293822,17.691408,0.041568,75.134847
7.169536,13.981441,0.000000,4.247821,16.781742,0.050355,75.716096
7.115330,14.249760,0.000000,3.857865,15.664026,0.052363,72.557437
7.107934,13.947607,0.000000,4.063276,15.796711,0.055501,70.236972
10.583242,14.328345,0.000000,4.089581,22.551044,0.070692,88.243730
7.659603,13.443450,0.000000,4.685129,20.984857,0.055567,77.696822
7.465763,12.981169,0.000000,5.473821,16.206917,0.068640,78.577881
7.649196,13.052420,0.000000,4.442471,17.814140,0.059717,76.364393
7.407790,12.566862,0.000000,4.523832,17.595882,0.059700,76.570854
7.773931,12.568259,0.000000,4.356776,18.114084,0.064569,79.259710
7.595257,12.838153,0.000000,4.139280,18.145484,0.058119,78.002600
7.757388,12.492764,0.000000,4.824119,21.380247,0.107099,80.728048
7.549200,12.194830,0.000000,4.201647,18.771992,0.060089,80.306716
10.091061,12.734076,0.000000,5.134681,22.755543,0.082123,79.429047
7.789154,12.587569,0.000000,4.586168,18.914786,0.068210,82.408188
7.878076,12.401442,0.000000,4.455435,20.929256,0.069727,66.535003
8.076952,12.826428,0.000000,3.792545,18.333832,0.061120,65.739231
7.663255,13.075288,0.000000,3.603382,18.788491,0.060728,64.710752
7.498291,12.657655,0.000000,3.806964,20.810066,0.055607,61.136330
6.976633,14.101277,0.000000,4.796559,20.851154,0.071801,82.996886
7.385049,13.308156,0.000000,4.438002,21.180374,0.063074,81.566911
7.395636,13.307472,0.000000,5.163104,19.554942,0.069892,74.375345
7.092095,13.136096,0.000000,4.884449,20.262921,0.058357,75.397077
6.831856,13.562019,0.000000,4.544652,20.077229,0.062679,82.441584
7.212457,13.576284,0.000000,4.693868,21.250054,0.069759,79.110285
7.911309,12.213236,0.000000,4.631802,20.999498,0.064647,77.084267
10.968868,12.074411,0.000000,4.120082,22.377737,0.043582,76.879687
7.131210,11.384950,0.000000,4.104394,20.976683,0.054234,69.039790
7.975038,11.104736,0.000000,3.475127,19.998807,0.051873,62.605187
8.860974,11.526736,0.000000,3.144310,20.894862,0.051139,63.497750
8.810077,11.555052,0.000000,3.559881,20.852027,0.065128,71.052212
7.489892,12.529162,0.000000,3.660561,21.262275,0.049138,73.682999
7.687346,13.028283,0.000000,3.644342,20.675071,0.051164,79.864671
8.050358,13.467138,0.000000,3.736564,20.848644,0.060430,87.089364
8.532829,13.016842,0.000000,3.992964,24.558329,0.058948,74.317731
10.997645,22.915292,0.000000,3.638024,25.334470,0.120439,79.155412
7.435025,13.230716,0.000000,3.550237,19.448441,0.047685,67.187252
7.751926,13.466423,0.000000,4.093691,20.442244,0.048867,61.681237
7.328798,13.464364,0.000000,3.799199,23.855975,0.046121,71.096890
7.618892,13.256766,0.000000,3.946660,20.541315,0.052305,58.762588
7.496243,14.359954,0.000000,3.840100,28.090823,0.076541,81.197637
7.491054,13.561540,0.000000,3.701399,23.803657,0.054163,71.745083
7.624455,13.063361,0.000000,3.707473,22.688597,0.058768,66.313339
7.123376,12.496837,0.000000,3.704281,22.423657,0.053281,62.008676
7.232222,12.613859,0.000000,3.315603,22.512570,0.051693,54.227218
7.288212,12.840191,0.000000,3.119470,22.130894,0.045749,60.233476
11.836453,12.915293,0.000000,2.912481,18.604037,0.041706,47.557625
7.251259,14.559249,0.000000,4.298232,22.265829,0.062812,55.461874
7.551724,13.532549,0.000000,2.726774,17.496560,0.039748,21.723112
9.323185,12.986937,0.000000,2.795785,22.519611,0.067048,50.459596
7.509628,14.449987,0.000000,4.360760,28.311178,0.067850,34.513356
10.798237,12.803316,0.000000,3.222546,20.774798,0.058537,49.470833
7.793722,14.258529,0.000000,5.848432,21.247389,0.064095,28.636402
9.154564,13.207634,0.000000,3.526351,26.978238,0.063733,50.997924
6.927239,13.592673,0.000000,4.502316,22.730339,0.065650,43.906957
12.017918,13.694902,0.000000,4.003768,21.756833,0.041506,53.895481
7.849123,14.564144,0.000000,4.181490,17.874605,0.048161,58.897336
7.704044,13.922150,0.000000,4.378865,22.162310,0.052866,55.163558
11.021153,14.108070,0.000000,5.472748,25.479568,0.046075,69.209834
7.237328,15.934480,0.000000,7.758349,30.449392,0.097690,106.972987
7.261106,14.567393,0.000000,6.623622,28.631640,0.082435,71.473135
8.797366,14.287721,0.000000,7.429363,29.590196,0.073819,89.871156
7.317902,16.018081,0.000000,10.340689,32.751433,0.120998,45.266038
12.055630,14.222434,0.000000,6.507072,33.091512,0.121623,41.802947
7.754227,15.276802,0.000000,9.010739,33.348775,0.123913,74.219503
7.235039,14.659445,0.000000,7.238552,22.820134,0.096037,79.629391
7.399671,15.351128,0.000000,7.719634,23.537221,0.094123,81.038493
7.053265,14.867307,0.000000,8.738220,30.917794,0.082016,79.664629
7.049185,16.065468,0.000000,12.692701,35.026458,0.121369,50.059901
11.471430,14.302271,0.000000,7.785771,39.772473,0.135503,50.025871
7.001771,14.727361,0.000000,8.829651,27.805187,0.095306,68.226799
6.769637,14.411059,0.000000,8.521672,27.475792,0.078633,80.894142
7.239775,14.505259,0.000000,8.567507,26.567010,0.081817,37.073606
11.196437,13.656201,0.000000,7.959160,26.736291,0.080765,61.740243
