#LBA time[ms], KF opt[#], KF fixed[#], MP[#], Edges[#]
30.785459,2,2,965,1949
39.393588,3,2,1085,2553
58.310335,4,2,1232,3129
61.106782,5,2,1485,3757
71.755649,6,2,1709,4339
80.549979,7,2,1840,4852
90.806286,8,2,2038,5371
100.632039,9,2,2185,5801
78.756286,10,2,2192,6054
111.855286,11,2,2328,6457
109.588633,12,2,2507,6994
143.130803,13,2,2511,7318
100.103073,14,2,2587,7814
110.712301,14,2,2727,8299
117.584822,15,2,2811,8810
164.732261,16,2,2879,9327
138.501074,17,2,3058,9818
156.256663,17,3,3299,10380
179.026249,16,5,3254,10344
108.244701,14,8,2709,8226
113.444378,15,8,2809,8654
140.516268,13,11,2596,7919
113.883905,14,11,2680,8417
133.824970,15,11,2789,8909
122.097478,15,12,2789,9242
121.740967,15,13,2608,9158
166.730743,15,14,2682,9654
22.482502,17,13,2867,10519
125.704616,16,15,2786,10674
201.172986,17,15,2948,11509
163.686920,18,15,3252,12755
205.500045,16,18,2979,11764
150.360036,16,19,2966,11754
223.258139,17,19,3128,12436
174.293607,18,19,3315,13074
166.600442,16,22,3261,12364
128.559094,10,29,2745,10049
119.312055,9,31,2710,9617
76.163530,4,36,1668,4386
60.239764,5,36,1665,4684
64.113349,5,16,1483,3615
58.735494,6,16,1570,3976
54.327584,7,16,1610,4313
60.693686,8,16,1602,4629
66.411281,9,16,1689,5088
74.975195,10,16,1841,5678
115.325382,11,16,2081,6400
150.432149,12,16,2222,6946
121.652636,12,13,2144,6659
137.336268,13,13,2378,7339
109.234137,14,13,2618,7842
115.803367,15,13,2806,8238
121.229573,16,13,2837,8480
103.339485,14,5,2447,7553
104.591283,14,5,2293,7586
118.857278,16,8,2720,8888
116.554146,16,5,2580,8533
122.689789,17,6,2708,9295
121.149492,16,7,2612,9329
164.245363,15,9,2651,9554
138.192871,16,9,2749,9973
126.886775,16,10,2653,9651
115.761572,11,16,1944,6425
70.822481,7,21,1821,5543
60.761186,4,24,1312,3392
47.974002,4,25,1278,2602
59.655364,4,25,1308,2218
53.650957,5,25,1398,2670
67.285107,6,25,1579,3316
76.037863,6,26,1757,3867
74.887227,6,9,1659,3794
82.349028,7,9,1686,4259
97.855376,8,9,1876,4970
79.969578,9,9,2055,5516
117.633012,10,9,2141,6036
141.121484,11,9,2361,6760
146.083699,12,9,2523,7471
119.458618,13,9,2781,8310
166.558148,13,4,2807,8652
179.132505,15,9,3000,9428
138.502308,15,4,3028,9703
141.978124,16,4,3070,10140
147.827970,17,4,3118,10556
210.027409,18,4,3256,11061
165.758284,19,4,3565,11736
227.393795,18,5,3692,11913
139.347906,14,10,3172,10325
177.563023,13,11,3006,9804
123.688889,12,13,2840,9127
131.952129,12,14,2803,8981
145.003372,11,16,2583,8167
103.217274,10,18,2476,7613
107.149735,11,18,2617,8082
138.993689,10,20,2581,7490
140.533748,10,21,2707,7195
95.240857,10,22,2569,6763
131.648272,11,22,2542,6929
86.050685,9,23,2299,5954
109.197139,13,22,2644,7615
132.381608,11,23,2279,6611
130.503091,15,22,2793,8571
175.325899,16,22,3083,9308
143.700060,16,23,3242,9527
126.091336,15,23,3094,8846
147.701288,16,23,3254,9328
187.487197,17,23,3365,9752
117.231634,14,19,2879,8158
123.482173,19,23,3369,10596
159.379558,20,23,3353,11107
232.322708,19,25,3342,11290
178.915307,22,23,3550,12399
260.266952,23,23,3841,13220
161.891698,18,21,3389,11208
142.150913,13,23,2723,9219
135.810450,9,28,2224,7237
92.184080,4,28,1625,4688
69.713327,5,28,1735,5130
82.003513,5,29,1608,4233
74.496191,5,10,1525,3640
81.734976,6,10,1668,4120
93.871353,7,10,1940,4782
109.649063,8,10,2184,5413
115.014146,9,10,2252,5805
94.330787,10,10,2314,6207
124.122456,10,9,2285,6107
98.530905,11,9,2317,6410
136.242343,12,9,2264,6708
104.574157,13,9,2292,7039
66.233801,14,9,2420,7507
20.156416,15,9,2478,8021
126.179651,16,9,2524,8519
130.266155,17,9,2644,9051
193.833559,18,9,2881,9583
159.170869,19,9,3006,9955
153.159433,19,7,2857,9752
147.509529,20,7,2942,10206
155.779452,21,7,3078,10708
175.073806,22,7,3234,11240
153.857580,21,5,3185,11212
265.857055,30,5,3764,17657
344.947237,28,7,3531,16986
254.392130,28,8,3663,17374
270.125632,29,8,3802,18122
415.947828,31,8,4273,19869
258.154819,26,13,3604,17648
196.527376,17,23,2612,13900
201.485469,18,23,2744,14382
190.410195,16,26,2693,14163
120.858882,7,36,2006,9454
115.913881,6,38,1813,6820
92.434716,7,38,1887,7219
109.776549,7,22,1779,6025
60.304533,8,22,1820,6482
94.294079,9,22,1941,7218
107.012410,10,22,2074,7923
157.456727,11,22,2233,8622
129.591275,12,22,2446,9183
167.180913,12,23,2503,8808
131.903594,13,23,2617,9136
185.243515,14,23,2723,9518
143.831584,15,23,2853,9956
142.967594,15,18,2850,9482
136.679066,15,17,2791,9104
137.464124,16,17,2824,9367
137.029286,16,6,2846,9339
193.986345,17,6,2948,9731
139.081013,16,7,2965,9690
157.855278,18,6,3116,10124
126.631516,14,10,2800,9010
100.544900,13,12,2346,7271
129.884715,15,11,2796,9422
133.430452,14,13,2735,9422
142.514531,14,14,2341,7502
134.400449,14,15,2322,7305
110.370975,15,15,2454,7752
126.780708,17,14,2651,8639
124.458617,17,15,2663,8478
143.212871,18,15,2774,8948
139.331801,19,15,2969,9542
147.875143,20,15,3160,10069
131.132501,20,16,3030,9911
105.083948,21,16,3044,10361
114.736623,23,15,3226,11325
118.577213,21,17,3016,10592
232.297565,23,17,3286,11766
175.452516,23,18,3293,11882
186.767813,24,18,3510,12459
258.509993,23,20,3517,12362
185.170087,23,21,3418,12315
171.475115,23,22,3387,12485
99.780891,22,24,3330,12796
42.593942,22,29,3503,15463
140.465366,24,30,3801,18069
364.988839,25,30,3715,18104
271.208902,24,32,3692,18078
394.508482,25,32,3955,18891
301.279487,26,32,4161,19561
305.999904,17,42,3174,15487
209.826019,15,45,3139,14730
110.160780,4,54,1936,6469
91.869746,5,54,2255,7105
97.342188,5,32,1993,5325
79.552102,5,22,1705,3954
62.115264,6,22,1719,4194
71.715093,7,22,1721,4552
94.314095,8,22,1732,4960
77.484278,9,22,1907,5504
123.906029,10,22,2290,6240
132.693029,11,22,2455,6684
150.774059,12,22,2534,7039
123.372439,13,22,2592,7281
123.461042,14,22,2618,7539
116.105834,15,22,2586,7797
122.325290,16,22,2724,8229
130.554067,17,22,2858,8634
168.113874,17,17,2730,7974
142.184527,19,22,3085,9313
187.292724,19,17,3023,8688
145.745369,20,17,3232,9178
147.084336,20,4,3186,9240
150.913945,20,4,3052,9163
167.700600,22,4,3332,10072
162.193880,23,4,3420,10678
153.200245,20,7,2990,10034
168.360580,24,5,3523,11871
216.680627,20,9,3053,10975
204.840000,24,7,3669,13004
261.035360,22,9,3370,12165
184.231030,21,11,3283,11759
257.573872,21,12,3419,11929
205.948883,21,12,3486,12010
194.709726,21,13,3457,12033
153.135287,23,13,3266,12842
117.798315,24,13,3585,13899
42.074135,25,13,3698,14440
126.896632,20,20,3320,13882
204.005305,21,20,3479,14689
291.049015,22,20,3638,15255
320.154518,23,20,3965,15862
233.170229,23,21,4134,16075
231.216052,18,27,3947,15486
177.248485,15,31,3137,11788
171.222436,15,32,3117,11290
161.039974,16,32,3103,11455
111.945731,16,33,2876,10950
110.489606,13,37,2527,9633
114.925714,16,35,2704,10692
172.529201,19,33,2895,11733
127.436279,11,42,2463,9620
42.054814,9,45,1523,4745
136.647452,16,39,2974,12175
165.347848,16,40,3023,12219
175.497494,16,41,3189,12761
194.649697,15,43,2873,10258
102.992272,13,46,2287,6814
109.965218,14,46,2317,7090
192.310764,19,42,3566,13576
117.201387,16,46,2438,7854
156.015397,14,49,2392,8006
136.112567,17,47,2541,8453
116.183488,14,51,2336,7821
118.159847,14,52,2344,7849
106.030109,8,58,1810,5267
71.575376,7,60,1780,4991
67.056461,4,64,1371,3115
53.746472,4,12,1293,2540
62.510136,5,12,1357,2927
59.228489,5,8,1323,2749
76.345917,6,8,1482,3142
83.544752,7,8,1540,3420
83.614658,8,8,1626,3680
64.944211,9,8,1710,3970
64.914356,9,7,1529,3745
37.835049,11,8,1581,4390
12.170951,12,8,1617,4803
76.551206,13,8,1738,5262
87.230050,14,8,1970,5720
132.066388,15,8,2227,6286
101.590850,15,7,2226,6279
104.101299,16,7,2269,6539
64.232529,17,7,2233,6818
169.067545,18,7,2311,7379
124.044324,19,7,2574,7959
178.346456,19,4,2733,8293
121.177592,16,7,2514,7824
181.107101,16,8,2392,7491
123.924538,17,8,2449,7828
119.103847,16,10,2275,7679
182.607963,17,10,2280,7966
107.439358,13,14,2098,7217
107.544154,12,16,2145,7552
90.548812,10,19,1953,6121
95.450044,8,22,1807,4872
75.728376,9,22,1828,5204
82.874258,10,22,1930,5632
106.756478,10,23,1844,5491
84.225508,11,23,1943,5765
148.043732,12,23,2056,6108
83.954732,10,26,1872,5868
67.092800,9,28,1612,4637
12.589778,8,27,1446,4213
27.533032,9,27,1436,4504
18.448330,10,27,1423,4470
15.847479,12,26,1616,5179
98.657602,11,29,1504,5037
38.907644,11,28,1442,4902
104.355349,12,28,1530,5314
92.187640,14,29,1887,6261
97.869746,15,29,1981,6511
89.127168,14,29,1794,6029
98.612517,16,28,1868,6490
92.575428,15,30,1810,6273
121.685979,16,30,1908,6597
112.677937,19,28,2129,7335
108.992850,18,30,2132,7238
172.312307,21,28,2404,8023
115.195837,15,35,2423,7656
85.683468,10,41,1970,6160
73.037964,10,42,1664,5241
80.779358,11,42,1801,5681
124.826439,15,39,2374,8178
96.663725,13,42,1928,6423
108.958651,12,44,1758,5498
90.005133,13,44,2005,6037
98.197820,14,44,2099,6422
147.381321,16,43,2149,7093
109.668049,16,44,2168,7251
139.270786,13,48,2211,6806
151.795622,13,49,2438,7381
132.657015,10,46,2141,6637
79.614164,7,39,1795,5706
79.445406,6,40,1886,5887
100.421215,6,33,1840,5317
100.046538,6,34,1792,4961
92.932942,6,18,1819,4633
76.284180,7,18,1984,5057
133.704774,8,18,2081,5460
79.246015,8,15,2017,5089
82.708861,9,15,2135,5481
126.081298,10,15,2192,5775
96.124096,11,15,2314,6161
143.407536,12,15,2389,6417
106.456999,13,15,2471,6765
102.395416,13,10,2411,6572
115.072644,13,11,2469,6764
115.475988,10,8,2149,5696
90.072043,11,8,2160,5943
90.867769,11,9,2145,6197
98.151201,11,16,2231,6845
94.396975,11,11,2113,6648
95.063751,10,12,1648,4826
76.040349,11,12,1843,5277
116.302784,12,12,2006,5701
118.788851,11,14,2040,5753
111.039940,10,15,1969,5287
112.027078,10,16,2044,5388
109.765689,9,18,2071,5433
60.755858,6,22,1580,4035
73.920568,5,24,1398,3820
57.722998,5,15,1452,4030
66.385825,6,15,1651,4713
114.945802,7,15,1757,5249
121.472929,8,15,1931,5831
145.816511,9,15,2106,6404
146.328429,10,15,2344,7072
174.413379,11,15,2451,7477
111.628911,11,12,2315,7170
98.568633,9,15,2168,6805
78.289560,6,18,1741,5213
67.657924,6,19,1630,4803
83.935888,6,19,1603,4350
69.829895,7,20,1785,4829
108.442870,8,20,2023,5353
87.688971,9,20,2161,5857
125.629590,10,20,2173,6184
100.855424,11,20,2373,6624
147.686631,12,20,2505,6956
100.626985,12,16,2386,6454
101.736206,13,16,2295,6581
107.851766,14,16,2378,6995
115.986327,15,16,2443,7407
167.224667,16,16,2596,7878
130.101030,17,16,2709,8242
135.392535,18,16,2781,8661
140.757755,19,16,2832,9014
149.241401,20,16,2957,9461
164.057847,21,16,3175,9960
162.089462,19,19,3365,10281
139.739375,18,10,2935,8800
144.047024,19,10,2896,9113
159.277655,20,10,2887,9464
158.756452,21,10,3049,10109
230.517438,21,11,3193,10729
178.969871,23,10,3232,11217
277.727555,24,10,3404,11915
198.794259,22,13,3388,11882
194.922010,21,15,3477,12318
107.761663,10,23,1986,7250
101.080493,9,25,1995,7088
109.269896,10,25,2171,7628
102.470266,6,30,1649,5552
73.563515,6,30,1637,5109
109.527993,7,30,1797,5674
103.809062,7,13,1758,5065
111.076299,8,13,1904,5536
101.311432,9,13,2044,5925
120.522415,9,11,1966,5600
91.117167,10,11,2067,5961
95.540153,11,11,2146,6242
100.085629,12,11,2263,6554
104.078923,13,11,2370,6864
101.239480,13,12,2297,6735
100.568078,13,11,2377,6679
115.265559,15,12,2677,7568
127.718507,12,7,2234,6123
77.858774,10,9,1855,4958
81.771986,11,9,2005,5440
120.749561,10,11,2015,5363
71.630864,9,12,1856,4596
104.849459,10,12,1944,4895
69.076994,9,14,1755,4479
107.948219,11,13,1949,5176
116.357043,12,13,2106,5552
87.816097,12,14,2173,5587
124.228596,12,15,2304,5898
88.628772,12,16,2179,5545
104.650699,10,19,1904,4972
76.940499,10,20,1859,4957
106.540779,10,21,1968,4990
89.852792,10,22,2003,5024
79.306613,10,23,1936,5103
84.083262,11,23,2014,5464
94.275675,13,22,2219,6095
115.716409,11,25,2084,5579
92.465985,11,26,2241,6092
120.767721,11,27,2136,5779
153.250228,15,24,2519,7055
134.196316,13,27,2283,6473
108.734240,14,27,2494,6986
158.990737,15,27,2697,7487
105.994401,13,30,2479,6846
111.403958,14,30,2574,7190
113.628687,15,30,2536,7538
139.165774,16,30,2572,8011
108.066149,13,34,2273,7231
109.077089,15,33,2484,8116
118.450388,15,34,2507,8404
180.757723,16,34,2602,8970
149.430794,18,33,2857,9908
208.560591,18,34,2904,10124
159.890777,18,35,3052,10573
150.469717,15,39,2732,9253
111.861655,9,46,2134,7184
96.984191,5,51,1660,4895
63.859049,4,44,1315,2962
37.523256,4,12,1148,2298
57.573626,31,32,4185,15701
119.736179,32,32,4157,16136
498.558238,34,32,4237,17266
348.490737,35,32,4339,17940
419.408105,33,21,4078,16764
337.723829,36,28,4373,18114
321.347283,32,19,3904,17118
466.661053,35,28,4107,18912
298.771939,30,24,3769,18116
208.400642,30,25,3877,18434
48.614599,25,24,3586,17235
241.148882,23,26,3413,16143
201.761869,21,29,2859,12791
185.485722,21,30,2911,12585
183.903048,20,32,2969,12494
132.902082,22,31,2994,13044
105.877413,21,32,2891,13051
216.470563,22,32,3005,13534
162.648759,16,39,2717,11584
140.475951,14,42,2652,10420
149.453709,14,43,2532,10124
117.755392,13,44,2249,8712
156.559585,13,43,2282,8281
125.436610,14,43,2454,8859
158.570255,13,43,2397,8100
116.497610,13,43,2371,7886
138.975966,15,43,2647,8955
140.622732,16,43,2762,9351
129.447500,15,44,2485,8527
132.963269,16,44,2572,8964
134.086992,15,45,2503,8761
105.926490,14,29,2465,8819
189.778006,16,29,2552,9466
153.913627,17,46,2767,10443
156.314017,16,29,2704,9869
211.170746,17,29,2921,10368
160.723744,18,29,3066,10763
186.207779,18,29,3053,10774
184.315369,19,29,3080,10985
163.018500,18,30,3110,10729
170.125549,19,30,3151,10980
161.287270,20,30,3114,11187
148.979192,20,31,3142,11538
182.944771,21,31,3255,11977
176.684087,21,23,3310,11398
164.906364,19,23,3304,10605
178.483543,19,24,3353,10825
191.433744,12,28,2651,8486
133.452249,10,28,2214,6969
96.740891,10,27,2254,7037
118.741416,12,27,2559,7874
98.166159,12,28,2295,6741
87.840662,12,27,2094,5959
123.959963,11,29,2032,5766
72.237569,9,32,1854,4580
97.929814,9,33,1913,4599
95.683963,9,34,1867,4561
68.164301,8,36,1794,4264
70.862749,9,36,1765,4437
62.040774,5,31,1421,2895
57.334087,4,18,1298,2472
58.153114,5,18,1308,2728
69.773621,6,18,1571,3226
80.728605,7,18,1773,3657
82.163567,8,18,1710,3789
77.282028,8,18,1563,3638
62.629878,9,18,1550,3872
82.757542,10,18,1588,4161
74.248926,11,18,1755,4608
77.573262,12,18,1801,4903
90.607482,10,9,1554,4140
75.301581,12,11,1789,4917
75.512547,12,9,1781,4915
87.309607,13,9,2095,5472
129.907120,14,9,2270,5900
86.135819,12,11,2064,5471
92.016236,13,11,2072,5702
91.410151,13,12,2063,5997
102.968387,13,11,2111,6154
146.955353,14,11,2300,6688
123.415053,15,11,2441,7167
124.829872,16,11,2610,7688
121.116354,16,11,2608,7757
168.209164,16,12,2676,7956
121.353255,14,14,2651,7897
128.042090,15,14,2726,8236
117.307193,12,18,2553,7661
20.863771,11,21,2006,6497
21.158588,12,21,1975,6913
138.616803,12,22,2002,7072
105.366462,12,23,2019,7023
96.484597,12,24,2055,6794
138.513717,12,25,2254,6804
77.238094,9,27,1879,5106
83.753888,10,27,1971,5706
77.664918,9,29,1896,5293
78.740333,8,31,1898,5420
67.197047,6,27,1363,3239
54.142585,7,30,1429,3596
78.043129,8,30,1447,3881
63.319013,9,30,1512,4218
85.845015,9,31,1573,4128
94.585491,9,32,1759,4323
91.170417,8,37,1763,4181
47.874627,4,38,1449,3013
61.251914,4,39,1302,2784
63.061025,4,37,1268,2710
64.600858,4,10,1321,2792
75.529397,5,10,1540,3397
92.706174,6,10,1726,3991
96.570411,7,10,1851,4514
77.291370,8,10,1895,4900
91.266617,9,10,1978,5222
104.003724,9,6,2036,5320
130.415401,10,6,2142,5638
96.476964,11,6,2236,5938
98.770015,12,6,2271,6208
147.577231,13,6,2379,6616
123.658470,14,6,2559,7052
108.606606,13,8,2651,7347
103.193353,12,6,2470,7090
83.268666,11,7,1955,5625
81.940325,11,8,1866,5543
128.224443,12,8,2008,6116
105.147614,14,7,2319,7107
136.854515,12,10,2173,6363
108.526849,14,9,2394,7010
141.614499,13,11,2335,6808
116.474893,15,10,2373,7302
107.967996,15,11,2266,7275
112.811545,16,11,2344,7653
104.125383,14,14,2236,7177
116.344754,15,14,2550,7757
169.843954,16,14,2635,8149
104.465578,14,16,2281,7241
106.134308,13,18,2380,7419
102.188291,12,20,2179,6482
118.580234,11,22,1998,5783
92.893164,12,22,2075,6038
100.350539,9,26,1828,4996
79.770347,10,26,1976,5336
97.267463,9,28,1835,4634
76.602897,7,31,1648,3580
67.204346,9,30,1739,4224
89.540769,9,31,1743,4438
60.373188,8,33,1582,3983
81.919061,8,34,1498,3970
93.093274,9,34,1609,4535
83.615383,11,33,1880,5461
132.037828,13,32,2141,6464
90.305094,12,34,1990,6117
98.721655,13,34,2079,6727
142.922262,13,35,2132,7231
115.976279,14,35,2373,8022
175.413930,14,36,2477,8352
159.127388,15,36,2686,9038
200.684882,15,35,2889,9392
191.358423,13,38,2932,9477
123.907225,11,36,2665,8655
109.134736,8,40,2459,7764
90.952133,5,29,1711,4528
80.382408,5,24,1553,3959
90.269579,6,24,1625,4438
98.529524,7,24,1753,4977
114.565064,7,22,1734,4771
81.810908,8,22,1945,5491
124.931104,9,22,2148,6186
99.456127,10,22,2305,6757
144.374997,11,22,2406,7232
112.613082,12,22,2545,7660
121.277708,13,22,2699,8164
175.225409,14,22,2773,8579
124.746849,14,17,2734,8409
178.866414,15,17,2736,8782
139.716950,16,17,2925,9275
149.442079,17,17,3110,9816
154.199851,18,17,3097,10169
140.905657,19,17,3079,10520
157.700546,19,10,3057,10597
238.906610,20,10,3255,11096
181.481031,21,10,3450,11629
295.460329,22,10,3607,12128
201.734323,22,11,3737,12449
205.745692,24,10,3983,12943
217.253331,24,11,4069,13297
189.316656,21,8,3630,12330
171.560377,22,8,3663,12733
109.875002,24,8,3833,13717
45.588924,27,7,3870,14690
535.372379,35,8,4810,22284
421.134494,36,8,5098,23008
486.453443,36,9,5397,23735
455.888162,35,10,5310,23414
501.170821,38,8,5651,24462
359.891842,27,19,4107,18988
150.427174,25,22,3716,17620
323.376312,25,23,3707,17487
60.629701,26,23,3704,17763
257.656085,27,23,3793,18272
57.080440,28,23,3845,18687
125.515563,29,23,3941,19179
57.779388,28,25,3678,18099
348.940531,29,25,3842,18747
244.667075,29,26,4002,19085
171.660665,27,29,3785,18369
218.539258,20,37,3573,17697
205.720341,19,39,3234,15847
213.654875,20,39,3328,16197
78.242851,13,47,2004,7846
235.075254,14,47,2057,8218
167.107504,15,48,2179,8532
135.417190,17,47,2452,9529
154.183723,14,50,2354,8945
93.046918,10,54,1837,6139
107.244421,9,49,1714,5240
86.298636,10,49,1841,5611
107.404245,9,49,1767,5245
87.063236,10,49,1875,5651
87.302787,7,49,1536,4311
83.151426,10,50,1825,5632
122.006630,9,49,1730,5073
85.344797,10,49,1892,5480
94.988004,11,49,1957,5787
95.294089,12,49,2037,6121
121.375139,12,49,2007,5929
94.028253,13,49,2129,6299
107.727342,14,49,2364,6749
144.110299,15,49,2382,6915
113.320298,16,49,2322,7070
110.441326,16,50,2340,6935
116.411870,17,50,2394,7239
117.735743,12,21,1857,5568
92.408022,14,20,1936,5877
92.573320,14,21,2044,6169
90.330350,14,19,1993,5961
48.742249,18,33,2472,7816
111.450718,17,18,1683,5147
86.879640,17,19,1901,5625
96.782997,19,18,2133,6094
117.341444,16,21,1946,5395
88.784698,16,22,2024,5681
119.078584,16,21,1928,5493
90.892842,17,21,1920,5752
93.673438,16,23,1943,6036
97.281791,16,23,1999,6369
144.081978,15,25,2119,6716
161.117025,14,27,2465,7476
158.536327,10,31,2582,7251
145.948690,8,34,2605,6801
135.963081,7,35,2405,6503
90.762844,6,31,2186,6107
80.647665,4,12,1691,3970
72.447064,5,12,1656,4475
514.262219,30,74,4917,19296
276.061093,25,40,4278,16118
269.623344,25,41,4387,16419
312.515371,29,46,5086,19449
143.611244,24,38,3878,15874
47.116948,22,38,3505,14855
226.982396,25,39,4050,16625
179.142824,23,39,3709,15336
221.059894,25,41,4036,16293
191.694292,24,40,3818,15633
330.528220,25,40,4050,16172
203.160922,23,42,3935,15772
206.925838,27,40,4299,17025
199.915554,22,40,3835,15715
275.931945,26,42,4263,17056
296.523344,25,39,4316,16979
233.319840,22,42,4221,16392
207.891431,15,40,2846,9405
164.113710,17,40,3086,11126
151.994330,17,40,3004,10106
163.557178,18,40,3126,10587
190.767582,15,44,2835,9217
172.632074,20,40,3395,11478
181.899786,16,45,2848,9305
174.885213,18,44,3090,10738
160.789059,18,45,3079,11118
195.950774,19,45,3043,10792
159.950842,18,47,2970,10477
221.758879,19,47,2997,10606
183.906276,21,46,3348,11689
167.744377,19,49,3269,10942
150.745051,17,52,3027,10074
199.293337,17,53,2896,9804
139.708179,15,56,2756,9304
148.412728,16,56,2762,9724
110.915760,16,57,2719,9992
129.579032,23,54,3334,13972
223.060228,23,55,3272,13945
389.783916,22,57,3442,14505
282.943555,19,61,3173,13209
216.937864,21,60,3442,14026
235.516537,21,61,3585,14446
241.647689,23,60,3895,15357
235.342144,21,63,3807,14934
221.021747,20,65,3691,14340
233.650877,20,66,3526,13801
274.767055,21,66,3596,14099
201.146890,18,69,3242,12334
248.615455,22,67,3837,14913
224.784081,21,68,3554,13679
197.430780,20,70,3486,13478
188.055505,16,75,3256,12841
200.763807,14,76,2759,10006
175.371065,14,77,3097,11307
180.808935,15,77,3225,11765
166.863115,15,78,2836,9419
122.686290,13,80,2514,8064
165.283694,15,79,3018,10087
198.066930,15,80,2883,9180
141.882125,13,83,2626,8226
192.999498,11,86,2553,7642
103.616810,5,90,1912,4775
73.244475,4,92,1758,4571
54.976386,3,11,1249,2210
63.553695,4,11,1368,2680
88.437787,5,11,1406,3042
77.240191,6,11,1475,3451
64.343650,7,11,1602,3961
85.724618,7,11,1597,4023
97.358226,8,11,1763,4471
90.574390,9,11,1987,4895
116.977273,10,11,2098,5262
88.985354,11,11,2087,5582
127.446799,12,11,2193,5928
104.345442,13,11,2372,6407
107.205249,14,11,2467,6782
164.029508,15,11,2604,7198
127.443994,16,11,2691,7529
157.000427,17,11,2619,7777
123.038530,17,4,2565,7858
140.355707,19,11,2837,8753
149.144478,20,11,3077,9305
158.400415,21,11,3321,9820
169.635930,14,9,2818,7981
123.592233,14,10,2784,7529
114.935289,13,11,2612,7070
98.966166,11,14,2267,6188
97.849218,11,15,2216,6107
87.968811,10,17,2055,5702
136.221137,12,16,2290,6452
89.357743,10,19,2112,5669
100.427899,9,21,1886,4696
77.025323,10,21,1877,4884
76.559165,10,22,1820,4880
97.925230,9,24,1704,4513
75.792894,9,25,1743,4646
120.752707,11,24,1976,5259
132.863298,10,26,2089,5293
133.154469,10,27,2053,5466
88.162342,10,28,1910,5327
94.467079,11,28,1997,5832
141.382603,12,28,2099,6283
111.077785,13,28,2247,6866
111.889955,13,28,2243,7052
176.004907,15,28,2665,8137
180.018589,14,22,2893,8207
152.140024,10,16,2577,7004
167.077560,8,14,2300,6091
73.256537,5,18,1729,4361
76.297910,4,19,1557,3211
104.492148,4,12,1576,2898
145.081256,5,12,1647,3288
79.320769,6,12,1679,3573
89.007781,6,7,1797,3594
90.894125,7,7,1905,3973
99.590250,8,7,2005,4364
79.322226,9,7,2123,4736
123.309959,10,7,2166,5060
88.102551,11,7,2209,5384
112.078813,11,7,2232,5512
142.476082,13,7,2457,6243
113.999277,14,7,2483,6617
112.745623,13,8,2393,6571
152.097409,14,8,2498,6975
101.239562,12,6,2308,6306
143.014038,12,7,2448,6422
142.561643,12,8,2528,6465
160.828530,14,7,2921,7660
153.683441,12,10,2536,6599
122.182821,13,10,2656,7034
126.214483,14,10,2788,7388
169.250350,15,10,2856,7762
110.011926,13,13,2504,6970
112.516698,14,13,2478,7269
131.506693,16,12,2885,8643
187.264061,18,11,2965,9003
150.056225,20,10,3140,9686
176.986998,15,16,2689,8204
150.972522,18,14,2960,9387
134.091788,16,17,2814,9195
101.020001,11,22,2078,6570
108.636738,5,29,1582,4746
69.004185,4,31,1484,3962
73.152663,5,31,1618,4372
81.533347,5,14,1629,3678
75.101840,5,9,1593,3227
82.761880,6,9,1711,3633
74.606309,6,6,1549,3372
81.922059,7,6,1617,3654
141.093594,7,5,1717,3771
72.301798,8,5,1836,4109
89.913515,8,5,1782,4007
77.754304,9,5,2049,4447
107.941206,10,5,2235,4828
104.675467,10,5,2159,4672
87.192138,11,5,2281,5024
113.578608,11,6,2295,4986
101.454864,10,7,2092,4520
78.826490,11,7,1977,4712
84.497241,12,7,2083,5190
110.586172,11,8,2037,5039
110.198639,10,10,2047,5010
158.162414,12,9,2319,5803
144.432323,11,11,2302,5825
146.477779,12,11,2360,6136
117.427449,13,11,2345,6531
89.244630,13,12,2231,6637
117.944206,15,11,2361,7439
125.204708,15,12,2401,7814
182.121421,16,12,2597,8474
127.119325,15,13,2587,8327
215.981638,16,13,2817,8924
251.544817,17,13,2971,9405
192.676142,17,13,3063,9597
222.218194,18,13,3180,9975
73.966612,5,25,1775,4792
156.445739,4,27,1612,3693
55.793937,3,7,1352,2144
70.785891,4,7,1432,2582
68.119086,5,7,1492,2986
78.181906,6,7,1645,3457
90.650835,7,7,1801,3939
97.313378,8,7,1934,4405
119.274074,8,4,1931,4358
111.430543,9,4,1955,4569
105.780341,10,4,2038,4845
122.109852,11,4,2122,5121
83.583835,10,3,2054,5081
87.228214,11,3,2054,5414
130.257828,12,3,2152,5779
93.985397,12,4,2248,5879
149.159739,14,3,2624,6650
106.362481,14,4,2501,6596
117.914925,15,4,2376,6818
115.405852,15,5,2397,6992
157.309586,15,6,2596,7206
128.210529,16,6,2893,7748
130.998563,17,6,2997,8125
125.379787,16,8,2771,7442
159.519021,15,10,2732,7216
111.219089,15,10,2592,6841
131.439757,18,9,2876,7877
165.842996,16,11,2725,7413
127.677915,18,10,2802,7871
173.691877,17,12,2770,8172
101.903725,10,20,2258,6496
94.598845,10,21,2208,6108
123.095426,10,22,2131,5738
86.970404,10,23,2051,5555
88.118782,11,23,1938,5701
120.407039,11,24,1946,5766
75.751953,9,27,1733,4918
73.456515,9,28,1705,4841
132.623369,10,28,1850,5225
109.661143,9,30,1750,4721
71.150885,8,32,1662,4067
74.805454,9,32,1870,4438
80.124790,7,32,1677,3603
66.406867,8,32,1813,3921
85.813824,7,32,1684,3482
62.347177,8,32,1668,3726
63.981807,9,32,1664,3998
79.267670,8,31,1610,3552
101.350820,9,31,2056,4276
94.222663,7,27,2067,4093
71.965497,5,30,1616,3260
66.097306,5,20,1312,2929
50.655288,4,13,1160,2358
48.831635,4,9,1140,2247
210.177482,32,69,3294,11777
262.503562,36,72,3720,13739
228.203932,34,68,3464,12896
251.657275,33,38,3475,12681
258.380192,36,48,3885,14061
290.679532,37,39,3974,15247
227.948420,37,40,3994,15675
58.050376,37,36,4074,16231
238.270085,38,39,4257,17125
190.208029,40,39,4542,18018
320.408804,40,34,4376,17840
306.235442,40,35,4444,18195
324.247205,39,36,4449,18139
62.313384,35,55,4597,19234
169.531744,32,112,4112,18378
327.272734,32,112,3895,18537
298.597374,47,132,6630,29898
726.488600,51,137,7097,32295
419.064309,35,29,4607,22475
549.537638,40,26,5486,24908
414.299463,41,26,5423,25263
458.456102,41,24,5127,25068
508.768592,42,20,5269,25569
510.727454,44,28,5508,26884
284.379997,49,66,5426,30254
703.797828,50,66,5428,30884
178.724411,30,60,4430,19821
356.698037,33,58,4668,20901
381.733842,36,56,4953,21816
418.135749,43,42,5902,25115
84.771539,46,43,6108,26466
633.315091,51,40,6875,31764
327.422711,44,26,6689,31559
555.296328,43,28,6394,30465
641.930696,51,21,7372,35561
393.957574,50,22,6803,32049
99.497580,50,25,6718,32334
231.974645,53,23,6817,33262
566.134553,54,23,6862,33770
107.606345,50,34,6965,34324
236.695202,49,35,6639,33614
334.081933,48,56,6629,35347
91.783236,40,66,5283,30646
881.491840,42,65,5354,31808
628.581428,42,66,5417,32285
624.386154,40,108,5297,31777
542.734792,36,113,5272,29854
89.906414,29,74,4393,18130
216.847960,32,72,4616,19827
357.870593,34,71,4839,21022
409.736974,39,67,5621,24088
198.837268,46,61,6420,27654
91.317323,49,59,6511,28477
614.818470,49,60,6651,28684
549.106328,48,55,6353,27262
601.818867,52,52,6662,28762
417.908060,51,27,6340,28450
609.262811,53,26,6499,29345
217.279178,45,35,6167,28635
77.691730,41,43,5465,25985
235.014931,40,43,4804,23567
895.390604,53,33,6577,30668
450.617259,39,46,5186,24589
277.797033,38,52,4826,21926
356.353343,38,53,4680,21952
137.081386,30,63,4632,21881
286.832971,33,62,3965,18169
225.979517,26,70,2820,11040
175.249876,27,70,3190,11944
321.082699,32,70,4311,19101
299.216562,33,89,4371,19703
40.474422,26,78,3318,12808
85.481339,24,81,3481,13343
211.184622,24,76,2595,9322
167.517859,24,77,2902,10092
241.509128,24,78,3181,10628
153.056317,18,83,2868,9675
117.430169,13,89,2331,7390
144.987086,17,86,2638,8556
170.328362,14,87,2494,8024
136.301950,14,88,2555,8140
145.512331,16,87,2704,8755
129.859994,14,89,2485,8133
183.402217,15,89,2450,8474
142.102525,12,92,2226,7718
123.338878,14,91,2445,8550
112.527518,16,90,2450,9010
151.855402,15,92,2450,9152
122.254950,13,92,2313,7728
131.607868,14,92,2488,8141
110.557268,12,66,2129,6913
135.962505,16,92,2383,8550
144.737267,17,92,2470,9054
159.610748,17,93,2421,8998
130.559350,18,93,2543,9531
125.542009,18,88,2571,9842
275.031326,22,88,2862,12616
202.452839,22,66,2962,12867
251.296343,22,52,3287,13474
301.342035,20,54,3278,13133
232.402795,14,51,2822,10966
174.085642,13,53,3007,10972
114.075980,6,50,2350,7736
79.700205,4,25,1651,3931
60.889364,4,17,1330,2809
52.080855,4,16,1170,2227
56.068897,5,16,1183,2511
65.115399,6,16,1320,2880
74.661624,7,16,1453,3271
69.652430,7,13,1435,3101
82.426336,8,13,1668,3561
80.048748,8,3,1606,3554
84.203112,9,3,1654,3819
95.365219,10,3,1788,4184
71.479401,10,4,1852,4343
109.245417,12,3,1969,4910
87.875618,13,3,2017,5264
185.301711,12,5,1946,5287
119.329261,11,6,1951,5175
122.868044,11,7,2104,5531
137.545567,12,7,2196,5818
102.827938,14,6,2266,6151
123.336506,12,9,2065,5583
89.520984,12,10,1982,5651
101.086455,14,9,2150,6168
132.845782,13,11,2093,6051
94.454579,11,14,2022,5797
100.742096,9,15,1766,4894
69.139402,9,16,1616,4430
99.107781,9,17,1721,4555
68.697905,8,19,1757,4379
60.465496,7,21,1537,3796
82.951541,8,21,1498,3898
60.735933,8,22,1496,3806
110.925328,8,23,1481,3748
66.051099,9,23,1549,4045
75.429403,10,23,1719,4491
63.085029,9,24,1552,3933
84.167781,9,25,1484,3850
90.436430,9,26,1579,4017
68.508238,9,27,1590,4084
79.974830,12,25,1793,4836
14.720133,11,27,1726,4619
81.101726,12,27,1743,4979
82.667699,12,26,1818,5141
42.023651,11,28,1750,4919
15.198079,11,22,1648,4939
104.767919,11,22,1585,4990
107.459995,11,23,1630,5098
87.877240,12,23,1814,5523
121.712576,12,24,1905,5627
117.443353,11,26,1797,5422
98.993020,13,25,1989,6148
141.487316,14,25,2085,6514
96.226416,13,25,1884,6085
149.235581,14,26,1980,6844
112.666789,13,28,2006,6834
127.373691,13,29,2025,6749
96.937723,12,31,2055,6594
120.239414,15,29,2356,7590
103.922871,12,31,1977,6248
123.901274,13,34,2072,6554
116.186303,13,35,2143,6572
172.503175,13,36,2218,6622
130.225701,11,38,2261,6480
88.372936,8,37,1887,5166
91.206269,7,39,1584,4180
38.005028,7,40,1398,3696
32.071531,10,38,1538,4749
19.047503,8,27,915,2598
10.497466,10,28,1040,3120
75.381147,11,31,1121,3414
61.497081,11,28,1293,3785
95.236769,13,31,1457,4259
101.318876,12,29,1470,4439
80.150153,13,30,1565,4793
86.509433,14,30,1713,5204
91.191652,14,33,1815,5538
99.691770,15,43,1951,5941
151.535321,16,43,2062,6330
135.864755,15,45,2064,6377
114.850937,15,46,2070,6520
112.192875,15,47,2137,6765
133.156939,16,50,2289,7118
19.060803,10,57,1773,5256
119.918936,12,57,1857,6148
131.547856,15,59,2092,7339
105.285743,15,52,2257,7696
110.273892,13,54,2047,6751
164.112907,14,54,2161,7110
134.713188,13,55,2120,6576
85.163346,10,48,1791,5454
104.807439,14,53,2046,6637
87.608580,11,48,1797,5711
89.963683,11,49,1890,5871
128.865607,11,39,1938,5999
147.207053,13,38,2205,6880
87.640687,10,42,1825,5396
92.288106,11,42,1948,5779
94.906048,12,42,1941,6006
112.336601,13,42,1949,6297
148.942206,14,42,2056,6743
177.814879,17,47,2409,8678
157.619833,19,47,2610,9578
197.115035,18,43,2467,8994
155.821787,19,43,2735,9521
164.943216,19,44,2905,9791
107.305261,20,44,2960,10216
100.597993,21,44,2981,10594
111.459136,21,45,2999,10731
114.665903,23,44,3114,11315
100.198373,24,44,3143,11626
129.228899,22,48,2903,11316
255.166937,22,49,3005,11516
218.175690,23,49,3257,12012
186.877164,21,52,3211,11427
239.401879,21,53,3243,11498
225.890610,22,53,3277,11791
112.059830,23,53,3329,12084
158.122898,16,50,2131,6883
140.084498,20,47,2824,9425
100.781130,16,52,2384,7666
120.014755,19,50,2501,8163
143.780738,20,50,2905,9909
68.261877,14,41,2224,7325
145.435612,20,52,2684,9094
100.609395,14,43,2171,6786
217.959939,20,38,2865,9264
123.759662,18,41,2632,8407
108.497949,18,42,2543,8187
112.145156,16,45,2372,7627
105.143039,18,44,2379,7974
159.003952,19,44,2457,8387
158.978473,19,47,2285,8394
126.219865,19,42,2431,8590
131.856461,20,42,2594,8947
86.385415,20,43,2640,9025
100.008501,16,45,2536,8469
121.738250,19,43,2762,9073
121.958211,18,45,2645,8900
108.254593,17,47,2375,8041
126.108433,16,49,2312,7892
92.235671,18,48,2467,8316
116.081606,17,50,2410,7987
115.182736,17,51,2366,7978
212.966351,16,53,2476,8365
89.993908,13,52,2134,6600
116.813609,14,52,2237,6974
182.754756,15,52,2377,7435
130.973673,15,53,2346,7170
104.211183,17,52,2491,7957
107.723559,14,46,2199,6829
123.564863,18,53,2519,8100
143.622669,13,49,2133,6364
132.497924,16,47,2568,8201
108.483486,14,50,2254,6621
138.404435,16,49,2488,7484
115.397440,17,49,2529,7777
114.945493,17,50,2367,7349
114.608751,17,51,2355,7335
155.956267,17,52,2364,7367
95.834816,15,53,2078,6512
151.797731,16,53,2216,6889
108.613706,15,55,2263,6621
103.438728,14,56,2203,6217
123.075016,12,58,1928,5479
86.142913,12,32,1898,5325
132.232852,13,32,1917,5484
92.885626,10,35,1567,4350
69.353843,9,32,1516,4228
69.518991,7,30,1184,3217
68.059796,7,31,1165,3106
49.688621,7,28,1189,3024
70.023941,7,28,1303,3160
55.218753,8,28,1337,3379
61.578761,6,27,1139,2792
112.089335,7,27,1284,3152
62.501014,6,22,1209,2868
62.673993,6,18,1161,2950
92.530531,7,18,1283,3379
92.868301,8,18,1432,3853
74.585551,9,18,1623,4389
104.360903,9,19,1706,4624
105.054588,11,18,2003,5561
134.897910,11,19,2114,5940
110.152948,12,19,2194,6488
178.443740,12,13,2223,6736
140.217476,14,19,2364,7590
189.490631,14,13,2487,7973
207.191578,15,13,2798,8734
205.122159,14,15,2731,8726
204.974501,13,12,2706,8652
130.157437,10,13,2431,7722
161.311300,9,15,2270,7310
105.167348,8,16,2043,6662
410.692758,29,35,4732,18432
362.645032,30,33,4744,18485
385.216169,33,31,5076,20532
235.373954,35,24,5472,22341
195.617027,37,23,5604,23352
174.402915,38,23,5711,23939
621.241587,40,22,5895,24899
539.713674,41,21,5977,25161
490.816241,37,24,5630,24101
297.976766,37,22,5512,24069
754.834504,35,70,5340,26975
304.336337,27,65,4355,21657
202.513837,28,36,4552,21501
