# ORB_Ext(ms), Stereo matching(ms), Preintegrate_IMU(ms), Pose pred(ms), LocalMap_track(ms), NewKF_dec(ms)
317.603700,13.956505,0.000000,0.000000,0.000000,0.000000,52.816003
7.959974,13.815480,0.000000,23.155532,4.421892,0.042869,43.406345
9.460496,12.995811,0.000000,3.115703,4.325912,0.035306,22.755645
7.725524,12.870839,0.000000,3.015246,3.109246,0.057623,29.947333
7.300405,12.006129,0.000000,2.549225,4.580493,0.055257,30.551898
11.774281,12.241223,0.000000,2.170099,5.061123,0.068944,38.002989
11.205561,29.003988,0.000000,5.271762,7.195554,0.042742,50.913098
8.296331,15.578772,0.000000,2.910169,6.603474,0.029372,42.420934
8.149634,12.480470,0.000000,3.096367,6.731388,0.047074,40.225779
7.546429,12.025835,0.000000,2.900690,5.131640,0.047291,46.327902
7.713460,12.752751,0.000000,3.122770,6.120171,0.041930,50.234267
7.526850,12.005785,0.000000,3.963960,8.552523,0.051469,42.314864
7.079452,12.253255,0.000000,3.804492,7.114662,0.041341,46.275661
7.323065,12.516188,0.000000,4.053019,6.857044,0.044369,46.590908
6.670093,12.424048,0.000000,3.573785,7.570700,0.053974,48.344611
7.567661,14.120282,0.000000,3.761138,7.367696,0.061175,57.608959
7.084111,13.436938,0.000000,3.852109,8.400759,0.051831,59.409702
6.563470,13.171406,0.000000,4.088461,8.920842,0.052496,45.033756
9.810804,12.659712,0.000000,3.674537,9.840479,0.052152,54.161932
6.920534,12.739492,0.000000,3.762445,9.054603,0.059200,52.338017
7.516597,12.603666,0.000000,4.111094,9.341924,0.052031,53.094304
6.923620,12.343167,0.000000,4.301590,9.779365,0.051726,51.288200
7.616494,12.151306,0.000000,3.679188,9.487802,0.052491,57.161046
7.503170,13.342201,0.000000,3.741272,9.860805,0.075488,61.509498
6.993182,14.190754,0.000000,4.420899,11.903220,0.067116,58.126173
6.927710,12.994922,0.000000,4.158536,9.850861,0.053764,58.639098
6.901688,12.930279,0.000000,4.232996,10.310433,0.058875,49.777962
7.025896,13.487152,0.000000,4.065453,10.688087,0.054205,45.115439
7.340088,12.772747,0.000000,4.031963,10.369473,0.053299,51.711895
9.657531,13.608130,0.000000,3.700078,10.626358,0.054786,44.620974
7.054719,13.056452,0.000000,4.149371,11.135845,0.057431,47.562687
7.416152,13.433600,0.000000,4.769692,11.940511,0.068989,53.395328
7.470274,13.616157,0.000000,4.444951,10.806860,0.055753,57.067039
6.955925,12.409150,0.000000,4.318346,12.070798,0.059065,51.980448
7.278002,14.242542,0.000000,4.597408,15.082562,0.078270,78.152470
7.407579,13.445221,0.000000,4.552581,14.428331,0.058014,60.542775
10.159152,17.063322,0.000000,4.195609,17.443310,0.066685,67.563752
7.854570,13.634669,0.000000,4.945527,16.498055,0.072835,62.020622
7.424972,14.153120,0.000000,4.570393,13.335960,0.054876,51.424468
7.628268,13.659400,0.000000,4.093788,12.207656,0.049580,55.395105
6.985405,14.328125,0.000000,4.371076,16.372420,0.067337,71.814042
6.841195,14.727032,0.000000,4.644452,18.114551,0.068208,70.525375
7.495447,14.070042,0.000000,5.113260,14.141929,0.062536,49.867268
7.155056,13.063341,0.000000,3.577257,14.207179,0.056413,46.258842
7.692683,12.584134,0.000000,3.689049,12.434560,0.045439,39.560105
6.835953,12.877395,0.000000,3.386289,12.130854,0.047384,33.932721
7.407665,12.814858,0.000000,3.521924,12.615063,0.045152,38.780063
11.201068,12.581667,0.000000,2.945319,14.624418,0.041969,40.120502
6.747649,13.074550,0.000000,2.826734,12.282187,0.040841,51.602422
7.032283,13.078837,0.000000,3.176780,13.263471,0.050244,50.040013
12.110126,15.746644,0.000000,3.820656,18.222323,0.058223,89.573990
6.800786,13.838834,0.000000,4.410637,16.585898,0.071472,67.002106
6.957244,13.786335,0.000000,4.067174,14.639067,0.066101,66.770241
7.014720,14.098553,0.000000,4.978850,14.499280,0.079632,69.603109
7.268442,14.632518,0.000000,4.640591,18.659780,0.081593,53.414030
6.697090,13.145541,0.000000,3.916014,16.456355,0.049894,49.686809
7.225253,12.868894,0.000000,3.298726,14.704347,0.060739,63.718673
7.335311,13.692080,0.000000,3.753615,13.903108,0.051817,59.014586
6.761438,13.242882,0.000000,3.858497,14.036306,0.062494,69.449685
7.068701,14.065292,0.000000,5.116372,19.714724,0.088930,64.681062
7.175786,13.970337,0.000000,4.275043,18.152625,0.067191,73.634800
6.695048,13.288310,0.000000,4.812639,17.867025,0.074753,55.530988
6.724136,13.739050,0.000000,4.558661,18.413542,0.075100,79.460487
7.127480,13.821802,0.000000,4.731695,20.982040,0.076346,75.681851
7.195237,14.138254,0.000000,4.874834,21.424113,0.076563,72.154158
7.759314,16.678861,0.000000,4.603178,18.835771,0.061660,60.857716
7.296953,13.504034,0.000000,4.505115,16.550779,0.061700,54.100214
6.762642,12.786534,0.000000,4.408095,15.476707,0.063814,50.819216
7.321169,13.559307,0.000000,3.666395,15.738033,0.059801,45.115386
7.595931,13.091224,0.000000,3.414666,15.990465,0.051257,46.662340
9.406350,13.580392,0.000000,3.622948,17.382078,0.048701,54.600771
6.908903,12.742405,0.000000,3.063803,15.035054,0.051422,42.666813
7.808002,12.657359,0.000000,2.680723,15.655702,0.045283,46.157566
6.878304,12.483215,0.000000,3.162478,15.710055,0.045593,38.648581
9.287430,13.092559,0.000000,3.103532,15.412713,0.040574,46.222980
7.266961,13.190923,0.000000,3.632416,16.418101,0.054107,37.477703
10.260291,13.187575,0.000000,3.229868,17.901067,0.068388,45.486404
6.977459,13.646224,0.000000,3.486340,15.106119,0.068682,43.597756
9.699594,14.154754,0.000000,3.441673,20.917970,0.075823,54.065110
8.632362,14.197865,0.000000,3.689204,20.625352,0.060284,67.603865
11.176791,14.355283,0.000000,4.081002,24.799771,0.068659,81.890496
8.765497,15.052961,0.000000,5.857558,24.290736,0.078711,74.621880
7.564036,14.629707,0.000000,6.194473,23.237269,0.084594,68.390241
6.983306,14.980977,0.000000,5.274512,19.668657,0.062483,60.568260
7.576881,14.156709,0.000000,5.552555,23.434802,0.065426,55.992610
6.971293,14.061018,0.000000,5.367800,20.290534,0.073102,53.460204
6.921138,14.300445,0.000000,4.896949,21.117002,0.067621,54.927498
7.104649,14.083200,0.000000,5.106003,21.104477,0.060031,55.879233
6.921035,15.151273,0.000000,5.357421,27.110524,0.076856,81.029727
7.242709,15.125737,0.000000,5.911070,24.409582,0.094537,97.561967
6.815706,15.171263,0.000000,6.234467,21.730710,0.093832,81.542314
6.914746,14.017268,0.000000,6.644134,23.060674,0.081278,74.942328
7.523864,13.870632,0.000000,7.438879,24.725461,0.169693,79.725819
6.625568,14.625093,0.000000,7.892879,26.690589,0.094916,73.227723
7.391520,13.749019,0.000000,6.851594,25.957616,0.073705,34.982103
10.412914,12.618792,0.000000,5.414483,22.123548,0.094412,47.978350
6.797182,13.127429,0.000000,7.188647,24.055334,0.057903,72.666908
7.278665,13.284984,0.000000,5.722348,23.729858,0.068507,74.205496
6.938543,13.715049,0.000000,6.184749,25.017341,0.103248,92.390128
7.114045,14.029534,0.000000,5.612449,25.209320,0.077187,71.051502
7.342957,13.825463,0.000000,6.368615,21.635622,0.086083,76.050344
6.814961,13.881001,0.000000,6.308644,23.722245,0.070068,59.011655
7.286895,15.527787,0.000000,6.568551,25.076456,0.085572,74.263673
7.164653,14.044675,0.000000,6.340425,22.484036,0.078271,55.957287
6.893543,14.252711,0.000000,6.083007,24.058493,0.073262,100.065287
7.519448,13.743203,0.000000,6.995308,26.141346,0.062276,34.804864
11.299089,12.886383,0.000000,4.938147,23.773743,0.090979,30.304872
6.695571,12.709187,0.000000,4.499882,15.325873,0.079325,59.654521
7.162346,14.920185,0.000000,6.777357,18.650937,0.086923,27.160508
8.759855,12.932972,0.000000,4.384332,16.244082,0.180449,23.097535
7.586288,14.101775,0.000000,4.962639,18.153345,0.131066,57.029970
7.525846,13.993227,0.000000,5.239432,14.282007,0.071516,96.701217
7.842342,13.828757,0.000000,6.426151,17.430249,0.086280,26.149379
10.131338,13.076033,0.000000,5.202545,18.017826,0.093288,69.568775
7.719896,13.347068,0.000000,6.882158,16.937999,0.127768,25.383395
12.715237,12.088833,0.000000,3.906974,15.541757,0.096003,72.541317
7.554378,13.516612,0.000000,8.050726,18.613118,0.087203,28.213243
8.783666,11.813874,0.000000,4.398583,20.884537,0.133901,26.682704
7.646746,12.270495,0.000000,4.162310,14.283253,0.075139,56.646511
7.843411,12.138902,0.000000,4.915270,14.259833,0.063752,20.328051
9.088456,11.580916,0.000000,3.629979,15.375515,0.074369,52.720629
8.009062,12.240906,0.000000,4.773694,9.894494,0.058581,73.510782
7.722533,11.834083,0.000000,5.370868,11.710397,0.069388,18.228629
8.806322,10.628773,0.000000,4.541187,10.696764,0.088063,47.319612
7.260503,11.334653,0.000000,4.387359,9.873764,0.054932,55.878818
7.578864,10.788260,0.000000,4.341749,9.827161,0.055139,48.466045
7.679086,10.596991,0.000000,4.332741,9.834889,0.059997,47.919966
7.658776,10.905706,0.000000,4.063619,9.507565,0.061873,48.998746
7.759559,10.646655,0.000000,3.888044,10.221611,0.055237,42.382881
8.043278,10.945857,0.000000,3.886792,11.206431,0.061700,67.960207
7.827298,11.169734,0.000000,3.812660,11.230474,0.054469,39.260214
8.045772,10.983172,0.000000,4.327065,10.097480,0.053065,48.488055
8.089205,11.939357,0.000000,5.057945,12.563101,0.067024,61.912709
7.927598,11.907680,0.000000,4.647376,13.268467,0.059549,19.371321
8.469578,10.578762,0.000000,3.746620,11.357139,0.061500,39.084933
17.724473,14.575590,0.000000,6.421374,24.528843,0.093449,85.123553
8.275513,12.077570,0.000000,4.034099,12.607846,0.056327,61.496828
10.718698,11.258086,0.000000,3.593133,12.204410,0.055069,44.158543
7.367184,10.897186,0.000000,3.373373,10.887356,0.043992,48.730370
7.035995,10.627524,0.000000,3.146533,10.291896,0.044412,53.197747
7.392956,11.373796,0.000000,3.374176,11.551753,0.060323,45.410047
6.757270,11.402575,0.000000,3.584435,11.379470,0.054044,48.558280
7.103666,13.922763,0.000000,4.463747,13.402034,0.069128,66.091828
7.371158,13.663748,0.000000,4.181792,13.503939,0.065012,56.994424
7.168457,13.727712,0.000000,4.372447,13.153023,0.061475,52.652420
7.182204,15.348049,0.000000,5.523616,15.921892,0.073949,68.544582
6.889296,15.854766,0.000000,5.613419,25.663036,0.134854,71.615458
6.670330,16.067687,0.000000,5.182884,15.388753,0.069031,48.918279
7.113721,16.279271,0.000000,5.437486,14.476476,0.068027,52.910622
6.999844,15.373278,0.000000,4.498353,15.040069,0.062793,45.558777
7.215394,16.026342,0.000000,5.228881,15.825813,0.061609,69.468079
7.055457,14.623163,0.000000,4.959106,16.846141,0.073847,58.930464
7.255349,14.428344,0.000000,4.601602,16.678284,0.057770,66.244818
11.576923,13.739386,0.000000,4.855815,16.806132,0.046890,53.326928
7.326956,15.012182,0.000000,5.158687,17.265621,0.073319,64.915767
7.288743,14.171724,0.000000,5.018647,16.358574,0.069094,66.747834
7.269728,13.832258,0.000000,5.307718,17.289649,0.059292,55.672759
7.016430,14.649754,0.000000,4.174538,17.044256,0.053898,64.603469
7.624917,14.663207,0.000000,5.300283,18.743625,0.073970,103.433350
7.589798,13.975116,0.000000,4.622157,19.110167,0.070110,91.592713
7.807807,13.849766,0.000000,5.309275,19.013051,0.071431,25.929263
11.410537,13.551378,0.000000,4.051516,18.363867,0.089235,59.306843
7.317195,14.710752,0.000000,5.373135,24.032798,0.080603,71.781274
7.284372,12.441779,0.000000,3.344631,17.932949,0.059328,73.924912
7.199008,13.036706,0.000000,3.826514,16.782846,0.075220,96.711704
7.808376,12.918188,0.000000,4.367462,18.060767,0.068279,52.841334
7.317633,12.129830,0.000000,3.656147,16.213366,0.046085,39.863909
7.068550,13.337777,0.000000,3.202386,18.541723,0.050498,69.304780
7.731624,11.794451,0.000000,2.735979,17.377490,0.048805,74.203482
6.980132,14.072816,0.000000,3.827931,19.990864,0.068517,86.849513
6.881482,13.209539,0.000000,4.097347,18.943972,0.072994,81.818114
7.645000,13.382689,0.000000,4.520457,19.246108,0.078049,69.976698
7.863400,13.024985,0.000000,4.721477,16.601429,0.078160,72.534037
6.832618,12.424840,0.000000,3.761768,18.130916,0.056843,53.057239
13.471119,12.784167,0.000000,3.694894,32.225466,0.048416,84.499621
7.200016,13.681438,0.000000,8.486082,39.649479,0.060046,80.656848
9.266833,12.518448,0.000000,3.431266,17.750921,0.062088,63.335671
7.525752,12.641488,0.000000,3.387088,16.940183,0.056882,58.295430
7.108768,12.202411,0.000000,4.224627,17.230232,0.058240,55.177347
7.258748,13.194211,0.000000,5.361396,20.438964,0.065669,70.334369
7.534584,12.127118,0.000000,4.173896,18.355069,0.060160,62.362465
7.676441,12.870715,0.000000,3.627116,17.783168,0.050086,53.530438
6.910317,12.286814,0.000000,3.823043,14.303278,0.047869,42.602004
7.816709,12.666463,0.000000,3.948876,17.086507,0.053439,43.602451
7.313034,13.060408,0.000000,3.636137,16.093972,0.061705,49.399158
9.027939,12.707294,0.000000,3.302663,18.913748,0.041578,46.963781
6.929820,12.255446,0.000000,3.296159,14.406589,0.037944,41.826873
7.434196,12.243820,0.000000,3.024865,16.511012,0.039540,43.954902
7.614112,12.141236,0.000000,3.026769,17.221514,0.039173,21.542463
10.108991,11.352295,0.000000,2.590240,15.425099,0.043513,19.218439
7.795352,11.997238,0.000000,3.199792,14.981875,0.064766,19.463287
7.593598,14.311899,0.000000,3.729260,21.077945,0.041005,26.266846
7.276495,11.671723,0.000000,1.832970,15.560623,0.047759,18.646164
7.393399,11.200340,0.000000,1.467285,11.979637,0.048750,29.508633
7.569753,12.068612,0.000000,2.165837,13.947442,0.064332,17.564170
11.591016,11.125013,0.000000,1.806975,12.767053,0.041008,33.629984
7.485710,11.135314,0.000000,2.366322,10.267420,0.056153,13.725855
9.240816,10.771436,0.000000,1.841143,10.738083,0.036359,13.575711
7.841746,11.547981,0.000000,2.470187,15.784400,0.071998,19.325452
7.253264,13.191662,0.000000,1.936222,13.178631,0.048610,16.114958
7.469723,12.017519,0.000000,1.609974,13.798281,0.053645,35.374337
6.973497,11.877186,0.000000,2.595521,9.356810,0.042972,59.882539
6.982325,11.498071,0.000000,3.425352,9.029322,0.063759,47.871386
7.419291,11.158673,0.000000,3.455873,11.516198,0.062046,63.967173
7.279818,11.186660,0.000000,3.638810,9.482288,0.057988,56.248339
7.508256,10.404070,0.000000,3.986619,11.374978,0.069250,16.481397
8.839562,10.847226,0.000000,2.441782,8.257569,0.121204,49.558053
7.840566,12.287973,0.000000,3.330935,10.014852,0.061911,14.537966
7.256677,10.574112,0.000000,2.156992,6.563085,0.136759,39.504086
6.756318,11.908799,0.000000,2.834970,8.147507,0.061335,35.236267
6.734203,11.850557,0.000000,2.864222,7.562059,0.072123,48.436050
7.429641,13.095471,0.000000,3.622874,7.873009,0.057421,54.994222
7.404000,12.323049,0.000000,3.930032,7.229433,0.065554,45.641035
6.800337,13.222529,0.000000,4.107483,7.191487,0.058420,61.390091
7.225105,12.938208,0.000000,4.710617,7.664835,0.056724,43.238787
7.248050,12.512067,0.000000,4.608211,8.054244,0.053061,46.746637
6.939146,12.886492,0.000000,4.824948,9.024673,0.043808,49.000564
6.520505,13.313800,0.000000,5.027590,9.022214,0.054365,40.598321
6.552286,14.331262,0.000000,5.962073,11.812696,0.057239,64.365103
6.997971,13.650985,0.000000,5.153523,10.797185,0.053991,52.912126
6.657716,15.515430,0.000000,5.733436,10.664513,0.066139,82.431347
6.906835,13.812259,0.000000,4.583717,12.247886,0.062072,61.472118
7.328153,13.365365,0.000000,4.908797,12.372007,0.054937,43.544069
7.296622,13.618163,0.000000,5.586015,10.584688,0.059335,83.447914
6.563546,14.274295,0.000000,5.835053,12.042098,0.070095,68.846388
7.456728,14.587972,0.000000,5.633046,13.305775,0.079324,78.471796
6.767550,13.690639,0.000000,6.778179,13.970034,0.078825,73.212345
7.162689,14.338622,0.000000,6.499401,13.989680,0.083256,91.447075
6.983409,13.159159,0.000000,5.882629,14.457670,0.065253,67.088458
6.957479,13.110345,0.000000,5.961839,13.806909,0.061937,53.042499
7.206119,16.333466,0.000000,4.834172,13.046201,0.054070,88.720105
8.344006,14.033371,0.000000,5.596064,15.756004,0.069172,64.892890
7.072396,13.503844,0.000000,7.874057,15.446678,0.068967,87.892667
7.224960,14.819119,0.000000,7.164721,16.757784,0.093222,86.292208
6.594644,15.459601,0.000000,8.717084,16.922204,0.091346,83.242467
7.268972,14.053778,0.000000,7.318406,16.685181,0.072814,74.070402
7.783973,13.523073,0.000000,5.673081,18.440491,0.056780,75.977984
6.970624,13.212171,0.000000,5.837445,15.757104,0.064066,56.547361
7.113939,14.206974,0.000000,6.302977,16.577282,0.063872,66.706821
7.066103,13.924142,0.000000,5.636338,21.712391,0.099643,81.769043
6.841380,13.450430,0.000000,5.168940,17.429335,0.057101,61.490742
7.829661,13.998925,0.000000,5.989307,22.218003,0.059376,73.915983
11.420160,13.416953,0.000000,5.054049,20.090124,0.048310,72.760850
13.388213,13.297864,0.000000,4.553656,18.896423,0.053229,59.346232
6.791737,13.690663,0.000000,4.438977,15.138119,0.049538,54.472867
11.325440,13.381435,0.000000,4.048093,18.129318,0.051761,40.389395
7.148076,13.499436,0.000000,4.124394,15.118704,0.042847,46.874611
7.461169,14.098649,0.000000,4.022817,15.523177,0.048324,56.777179
6.632249,13.962590,0.000000,3.754779,15.139007,0.043209,58.893801
6.825769,13.285835,0.000000,3.347605,14.754250,0.038555,47.968067
6.825036,13.233091,0.000000,2.900376,15.052601,0.036053,44.509183
6.968957,13.115337,0.000000,2.626932,14.697365,0.038475,42.780511
7.064275,13.704608,0.000000,3.009397,15.214110,0.047262,55.946496
7.036504,14.531862,0.000000,2.839370,15.870973,0.043907,102.385453
12.119807,14.256617,0.000000,4.620372,19.816261,0.050019,75.785318
6.828398,14.518215,0.000000,4.855083,17.740245,0.066960,46.137737
11.512944,13.993027,0.000000,4.783364,19.840622,0.044372,55.770615
6.894807,14.444636,0.000000,4.679281,16.571806,0.048851,61.754168
11.094988,14.345481,0.000000,3.800057,20.381302,0.056244,51.760163
10.656341,14.598273,0.000000,4.409280,20.281977,0.118625,40.526988
11.977821,15.390641,0.000000,4.557665,27.173751,0.121992,54.441991
12.527354,15.247797,0.000000,4.528669,20.685241,0.076030,48.456533
11.064108,14.665120,0.000000,4.027137,18.730210,0.083035,48.686826
6.411892,16.246165,0.000000,4.109964,19.747242,0.064246,72.797050
6.494033,15.518817,0.000000,3.645139,20.114275,0.064289,65.050823
7.947727,15.042962,0.000000,4.048420,19.803677,0.042503,93.298487
6.940795,16.467846,0.000000,5.018235,22.383906,0.056811,71.236501
7.006857,15.092549,0.000000,3.224048,22.762096,0.160096,66.167892
14.712109,14.161635,0.000000,3.965419,22.758654,0.074739,60.093495
13.305788,14.921523,0.000000,4.209780,28.163986,0.098666,91.669641
6.492350,15.881211,0.000000,3.439241,21.570518,0.071890,74.618991
11.065306,13.810979,0.000000,3.030014,25.606456,0.059010,96.121480
10.878783,14.182448,0.000000,4.223310,27.976928,0.057755,98.696910
11.253366,15.141288,0.000000,5.026051,24.801768,0.060558,88.196196
11.632351,14.642362,0.000000,5.340946,26.481525,0.135090,79.438208
6.993018,14.933152,0.000000,5.660545,22.807731,0.091907,90.004218
6.849862,14.822776,0.000000,5.143667,23.180738,0.087355,76.981392
8.195397,14.899945,0.000000,6.494880,26.313893,0.087048,96.923758
6.856554,14.223388,0.000000,5.019457,27.307958,0.076556,76.928592
6.593455,14.231916,0.000000,4.731455,22.802452,0.070260,72.872615
6.552477,14.521055,0.000000,6.186715,27.133303,0.080403,92.609769
6.988119,13.375376,0.000000,4.501245,24.855277,0.069188,73.585142
7.201909,13.335057,0.000000,4.122726,23.454263,0.058327,80.655461
7.506360,13.143024,0.000000,4.213127,23.944540,0.068853,76.056079
7.252977,12.645810,0.000000,3.681317,24.047270,0.067688,63.530567
7.318874,12.444925,0.000000,3.582762,20.192923,0.052616,62.356710
7.707568,12.140010,0.000000,3.023193,20.931141,0.057756,46.033414
7.275802,12.825699,0.000000,3.759727,24.025994,0.054908,60.345032
6.748249,12.974548,0.000000,3.018217,21.537144,0.053396,61.336196
6.545939,13.416304,0.000000,3.260842,21.002470,0.058528,66.575888
8.213995,13.552808,0.000000,3.970823,24.466350,0.052951,67.404032
6.541475,13.790018,0.000000,4.089025,23.942210,0.054345,77.443039
6.952867,14.928369,0.000000,4.444636,29.470175,0.084142,91.242451
7.276256,14.064764,0.000000,4.425248,26.713111,0.059516,83.875050
6.724812,14.106260,0.000000,4.693711,22.407265,0.070714,80.515714
6.993118,13.676783,0.000000,4.126958,15.891010,0.061636,71.857886
7.500319,14.586266,0.000000,5.012319,20.222091,0.067441,90.033960
7.290286,14.446503,0.000000,4.831996,15.214990,0.061654,85.080365
6.842676,13.718333,0.000000,4.634312,15.378311,0.046373,80.284820
6.549024,14.287274,0.000000,4.002107,17.934761,0.048768,86.018745
6.579704,14.043429,0.000000,4.231736,18.395248,0.062813,74.060491
7.675532,17.798449,0.000000,3.759445,16.940227,0.093016,60.735160
9.003068,13.279237,0.000000,3.336672,21.283603,0.028796,77.186001
10.532570,21.750692,0.000000,2.603718,13.630494,0.044725,52.629344
12.144263,17.050770,0.000000,3.529918,12.038173,0.049765,69.064575
12.079973,14.615911,0.000000,5.328250,14.315471,0.030696,77.246604
9.599185,14.196996,0.000000,3.399322,16.012923,0.071781,74.565714
12.672369,17.060330,0.000000,3.377792,13.975252,0.058157,54.990143
12.771009,13.921090,0.000000,3.898863,23.679047,0.035367,79.767199
8.140252,13.933090,0.000000,3.243697,11.535083,0.039511,54.626933
11.977209,13.704990,0.000000,3.399099,14.984498,0.042317,72.920743
8.027704,13.391664,0.000000,3.184745,13.675133,0.035009,67.780612
7.876648,13.774012,0.000000,3.403801,13.801737,0.049118,69.726879
7.365106,15.396311,0.000000,4.532307,12.220350,0.072305,69.794661
7.090712,14.371701,0.000000,3.727501,9.020014,0.043325,49.910584
6.653897,14.720250,0.000000,3.431387,9.596792,0.035106,54.428948
10.449926,14.443800,0.000000,4.938463,13.373556,0.036607,74.533954
12.830005,14.032369,0.000000,4.127042,11.680413,0.048319,41.069629
11.778946,18.962869,0.000000,4.245584,14.063675,0.092213,71.390028
12.351922,14.413651,0.000000,3.835125,19.823551,0.065548,72.696916
11.746271,14.053172,0.000000,4.813439,35.485111,0.064585,89.799228
12.774790,16.148979,0.000000,3.823304,18.152001,0.063375,66.980919
14.103138,15.085525,0.000000,3.840619,15.557466,0.070634,87.384140
7.205866,14.713938,0.000000,4.457417,12.833296,0.057353,88.485962
7.240918,13.551033,0.000000,3.640494,13.913780,0.042925,72.548917
11.215550,13.440750,0.000000,3.268473,12.871576,0.076228,53.813407
7.281632,13.419203,0.000000,3.492833,10.536084,0.046698,65.026213
11.338536,13.364161,0.000000,2.826481,11.702035,0.041667,55.600810
6.790430,14.941163,0.000000,3.178071,10.105985,0.040065,70.571164
6.980069,14.258695,0.000000,2.810927,9.822814,0.038852,99.738296
6.560001,14.886634,0.000000,4.823142,10.896704,0.056927,17.135002
11.074523,12.995602,0.000000,2.869417,10.548990,0.064077,105.576077
7.734267,14.675430,0.000000,5.742135,14.292098,0.059175,59.342469
6.960490,14.245154,0.000000,5.316432,15.305240,0.096276,69.086014
10.338287,13.727154,0.000000,4.972734,19.257583,0.083432,128.020222
16.920311,22.259488,0.000000,5.429518,17.300392,0.073706,25.057097
11.531850,13.459035,0.000000,3.708578,14.046847,0.084091,100.118136
7.286693,13.982315,0.000000,4.656371,13.254701,0.063179,88.254642
7.238948,13.024656,0.000000,5.314341,11.696505,0.063224,107.152253
10.331579,22.236176,0.000000,4.623557,32.457883,0.057495,143.815748
7.509495,12.592099,0.000000,4.557600,14.143347,0.053697,91.663057
7.206105,13.473817,0.000000,4.067591,11.886586,0.055335,88.389426
6.950254,16.416272,0.000000,4.578303,11.753147,0.065641,94.310323
6.707366,13.822091,0.000000,4.289920,12.624301,0.058684,72.444835
6.988891,13.278900,0.000000,3.752375,11.971216,0.054188,82.150722
7.192557,13.254093,0.000000,3.105408,11.739225,0.056401,73.276221
7.187227,12.585893,0.000000,3.280366,11.705486,0.047845,63.265693
7.114121,12.997216,0.000000,3.681187,11.512865,0.044562,64.596005
7.460313,12.889438,0.000000,3.502138,11.500356,0.042545,61.723725
6.927375,13.584211,0.000000,3.684129,12.723464,0.046028,68.728901
12.208205,12.817499,0.000000,3.867568,13.501071,0.036281,71.026359
16.980831,19.449502,0.000000,7.200302,22.871128,0.165256,111.150926
7.586370,13.414251,0.000000,3.521870,15.242365,0.068279,70.625089
6.535325,13.708512,0.000000,3.181910,12.804446,0.045387,79.079566
6.732213,14.834081,0.000000,3.642763,12.639264,0.045498,46.423109
13.422093,14.248936,0.000000,4.191544,18.407646,0.068301,72.008748
11.989077,13.632873,0.000000,5.062674,19.882754,0.061849,54.128354
7.088594,13.780805,0.000000,4.881422,15.101562,0.051453,59.751783
8.306466,13.975887,0.000000,4.272018,19.053735,0.063943,65.436221
11.259112,13.732873,0.000000,4.113320,19.262399,0.053549,64.198059
11.642486,13.719320,0.000000,4.129001,20.334715,0.056377,104.282921
7.216943,14.178563,0.000000,4.930465,20.780128,0.068674,68.992941
10.648489,13.784247,0.000000,5.158882,18.045502,0.077965,61.868705
13.049934,13.759829,0.000000,6.638462,23.274892,0.061637,83.155584
7.295173,13.628427,0.000000,5.455232,18.240640,0.054757,59.626443
9.276632,13.765359,0.000000,6.005518,22.463645,0.062699,80.450437
8.141518,13.484007,0.000000,4.936207,23.163120,0.059274,85.143866
6.965470,13.868666,0.000000,5.558390,18.415584,0.061567,74.173092
9.788111,13.352146,0.000000,4.906374,21.028868,0.086568,68.867571
11.333456,13.105985,0.000000,4.651891,21.609407,0.051784,86.585237
11.710004,13.439197,0.000000,5.218536,21.135376,0.047867,91.164375
7.184573,13.659367,0.000000,5.413997,19.763636,0.066455,86.870108
7.626334,13.714618,0.000000,4.941982,18.978720,0.062473,93.359333
6.883481,13.677044,0.000000,5.093361,19.545495,0.061974,26.217603
11.479768,11.903424,0.000000,3.082281,19.381555,0.085204,76.409101
7.469585,14.793503,0.000000,7.006024,26.164153,0.141239,110.969483
6.877619,13.370645,0.000000,4.734694,20.442817,0.070323,78.873012
6.744249,13.266378,0.000000,4.269224,19.699797,0.062937,93.483844
6.619916,14.070368,0.000000,6.678058,24.084861,0.084912,107.637383
7.054702,14.534421,0.000000,5.036938,22.685754,0.076838,97.898901
6.993970,14.632632,0.000000,5.157117,22.793441,0.069801,29.379037
9.795482,12.651442,0.000000,2.963581,20.978784,0.079877,64.728345
6.859040,13.083528,0.000000,4.440969,23.049084,0.076837,97.080843
6.796885,13.336919,0.000000,4.877976,23.958901,0.072795,30.475399
8.980350,12.426790,0.000000,3.795880,25.892623,0.110154,80.220713
7.750614,13.501181,0.000000,5.294108,26.286344,0.069853,101.474810
6.843007,14.733356,0.000000,5.629313,24.251567,0.084201,31.530117
8.312035,13.097113,0.000000,4.047430,25.402507,0.092898,78.859267
6.703906,14.479799,0.000000,5.187641,23.209256,0.101630,30.008832
11.414833,12.593000,0.000000,3.551643,21.222885,0.082262,86.154054
6.945424,14.262616,0.000000,5.489106,24.858660,0.143119,32.531529
11.963641,12.433966,0.000000,2.856935,22.718515,0.069495,63.047205
7.347841,13.247380,0.000000,4.333051,21.691206,0.060240,76.544901
6.898473,13.010738,0.000000,4.555392,22.305430,0.066570,60.752879
6.937649,12.401050,0.000000,3.400118,20.900718,0.054658,53.509901
6.618423,13.020690,0.000000,3.030094,20.567819,0.042273,46.487158
11.049639,13.564985,0.000000,3.224887,27.651507,0.066746,75.521954
11.326550,12.606584,0.000000,4.173642,22.180624,0.034756,27.652751
8.694853,12.494192,0.000000,3.802758,18.072128,0.072534,46.751161
6.742919,13.506024,0.000000,3.471193,17.794483,0.046149,62.265319
6.575917,13.778503,0.000000,4.470475,19.431255,0.050469,70.454275
7.443771,13.499785,0.000000,4.962787,20.904877,0.051282,71.664834
7.268448,12.990284,0.000000,5.669118,26.104527,0.064247,63.137795
6.567093,13.134572,0.000000,6.035145,20.340212,0.061215,49.752010
12.743914,15.796448,0.000000,5.969626,28.446061,0.082377,36.179265
12.283632,13.616835,0.000000,5.274591,24.164370,0.062740,52.570760
6.894459,14.555380,0.000000,8.317586,23.202018,0.075153,51.233956
6.672002,13.856546,0.000000,7.913988,26.470553,0.068420,59.419984
12.361190,13.998759,0.000000,6.291063,25.764823,0.052688,70.426390
6.914644,14.310626,0.000000,6.880246,26.068661,0.050204,77.403603
6.802180,14.411137,0.000000,7.240769,26.692137,0.064782,68.580094
6.409855,14.051580,0.000000,6.449264,24.044179,0.054354,55.279293
9.455600,14.277653,0.000000,6.617356,29.584202,0.072318,90.976171
6.794110,14.560257,0.000000,6.906489,26.842358,0.071934,35.310837
6.444108,13.866064,0.000000,4.580307,26.160358,0.087906,77.338090
6.462313,15.368453,0.000000,7.031679,29.906926,0.075945,86.441949
6.430872,14.888229,0.000000,7.641067,28.780449,0.100709,38.194788
9.332156,13.541728,0.000000,5.682829,28.337332,0.104495,62.465447
7.344043,14.670056,0.000000,6.956265,33.133578,0.081602,42.194382
9.337175,14.212412,0.000000,4.506247,21.764855,0.083274,56.710901
6.922386,15.147399,0.000000,4.760647,20.368607,0.154482,27.076842
